0 0.17890625 0.24453125 0.0171875 0.0171875
0 0.2015625 0.24609375 0.009375 0.009375
0 0.20859375 0.24609375 0.0078125 0.0078125
0 0.21796875 0.2453125 0.009375 0.0125
0 0.22734375 0.24609375 0.0109375 0.0078125
0 0.23984375 0.2453125 0.0140625 0.0125
0 0.19296875 0.24609375 0.009375 0.009375
0 0.59453125 0.20625 0.009375 0.009375
0 0.603125 0.20625 0.00625 0.009375
0 0.609375 0.20703125 0.00625 0.003125
0 0.61640625 0.20703125 0.0078125 0.0078125
0 0.62421875 0.20703125 0.0078125 0.00625
0 0.63125 0.20625 0.00625 0.00625
0 0.6390625 0.20703125 0.00625 0.0015625
0 0.6453125 0.20546875 0.00625 0.0078125
0 0.65390625 0.20546875 0.0078125 0.0078125
0 0.88046875 0.80859375 0.0078125 0.009375
0 0.8890625 0.80859375 0.00625 0.009375
0 0.896875 0.80859375 0.00625 0.0109375
0 0.90390625 0.8078125 0.0078125 0.00625
0 0.91015625 0.81015625 0.0015625 0.0015625
0 0.915625 0.80859375 0.00625 0.0078125
0 0.92421875 0.8078125 0.0078125 0.009375
0 0.88828125 0.59921875 0.00625 0.0109375
0 0.89609375 0.59921875 0.0078125 0.0078125
0 0.90390625 0.59921875 0.0078125 0.009375
0 0.9125 0.59921875 0.00625 0.0078125
0 0.91796875 0.6015625 0.0015625 0.003125
0 0.9234375 0.59921875 0.009375 0.0078125
0 0.93203125 0.59921875 0.0078125 0.0078125