0 0.82578125 0.25 0.0171875 0.0171875
0 0.803125 0.2515625 0.009375 0.009375
0 0.79609375 0.2515625 0.0078125 0.0078125
0 0.78671875 0.25 0.009375 0.0125
0 0.77734375 0.25078125 0.0109375 0.0078125
0 0.76484375 0.25 0.0140625 0.0125
0 0.81171875 0.2515625 0.009375 0.009375
0 0.4109375 0.2046875 0.009375 0.009375
0 0.40234375 0.2046875 0.00625 0.009375
0 0.39609375 0.20546875 0.00625 0.003125
0 0.3890625 0.2046875 0.0078125 0.0078125
0 0.38125 0.2046875 0.0078125 0.00625
0 0.37421875 0.20390625 0.00625 0.00625
0 0.36640625 0.2046875 0.00625 0.0015625
0 0.36015625 0.203125 0.00625 0.0078125
0 0.3515625 0.203125 0.0078125 0.0078125
0 0.1140625 0.8015625 0.0078125 0.009375
0 0.10546875 0.8015625 0.00625 0.009375
0 0.09765625 0.8015625 0.00625 0.0109375
0 0.090625 0.80078125 0.0078125 0.00625
0 0.084375 0.803125 0.0015625 0.0015625
0 0.07890625 0.8015625 0.00625 0.0078125
0 0.0703125 0.8 0.0078125 0.009375
0 0.11015625 0.5921875 0.00625 0.0109375
0 0.10234375 0.5921875 0.0078125 0.0078125
0 0.09453125 0.5921875 0.0078125 0.009375
0 0.0859375 0.5921875 0.00625 0.0078125
0 0.08046875 0.59453125 0.0015625 0.003125
0 0.075 0.5921875 0.009375 0.0078125
0 0.06640625 0.59140625 0.0078125 0.0078125