0 0.82109375 0.24453125 0.0171875 0.0171875
0 0.7984375 0.24609375 0.009375 0.009375
0 0.79140625 0.24609375 0.0078125 0.0078125
0 0.78203125 0.2453125 0.009375 0.0125
0 0.77265625 0.24609375 0.0109375 0.0078125
0 0.76015625 0.2453125 0.0140625 0.0125
0 0.80703125 0.24609375 0.009375 0.009375
0 0.40546875 0.20625 0.009375 0.009375
0 0.396875 0.20625 0.00625 0.009375
0 0.390625 0.20703125 0.00625 0.003125
0 0.38359375 0.20703125 0.0078125 0.0078125
0 0.37578125 0.20703125 0.0078125 0.00625
0 0.36875 0.20625 0.00625 0.00625
0 0.3609375 0.20703125 0.00625 0.0015625
0 0.3546875 0.20546875 0.00625 0.0078125
0 0.34609375 0.20546875 0.0078125 0.0078125
0 0.11953125 0.80859375 0.0078125 0.009375
0 0.1109375 0.80859375 0.00625 0.009375
0 0.103125 0.80859375 0.00625 0.0109375
0 0.09609375 0.8078125 0.0078125 0.00625
0 0.08984375 0.81015625 0.0015625 0.0015625
0 0.084375 0.80859375 0.00625 0.0078125
0 0.07578125 0.8078125 0.0078125 0.009375
0 0.11171875 0.59921875 0.00625 0.0109375
0 0.10390625 0.59921875 0.0078125 0.0078125
0 0.09609375 0.59921875 0.0078125 0.009375
0 0.0875 0.59921875 0.00625 0.0078125
0 0.08203125 0.6015625 0.0015625 0.003125
0 0.0765625 0.59921875 0.009375 0.0078125
0 0.06796875 0.59921875 0.0078125 0.0078125