0 0.2796875 0.84609375 0.01875 0.01875
0 0.27890625 0.8234375 0.0109375 0.0109375
0 0.278125 0.81640625 0.0078125 0.0078125
0 0.2765625 0.80703125 0.0140625 0.0109375
0 0.27578125 0.79765625 0.009375 0.0109375
0 0.27421875 0.78515625 0.0140625 0.015625
0 0.2796875 0.83203125 0.0109375 0.0109375
0 0.19765625 0.43671875 0.0109375 0.0109375
0 0.196875 0.428125 0.009375 0.0078125
0 0.196875 0.421875 0.003125 0.00625
0 0.19609375 0.41484375 0.0078125 0.0078125
0 0.1953125 0.40703125 0.0078125 0.0078125
0 0.19375 0.4 0.00625 0.00625
0 0.19375 0.3921875 0.0015625 0.00625
0 0.1921875 0.3859375 0.0078125 0.0078125
0 0.190625 0.37734375 0.0078125 0.0078125
0 0.7671875 0.0890625 0.009375 0.009375
0 0.76640625 0.08046875 0.009375 0.0078125
0 0.765625 0.07265625 0.0109375 0.0078125
0 0.7640625 0.06640625 0.0078125 0.0078125
0 0.765625 0.059375 0.0015625 0.0015625
0 0.76328125 0.0546875 0.0078125 0.0078125
0 0.76171875 0.04609375 0.009375 0.009375
0 0.5578125 0.103125 0.0109375 0.0078125
0 0.55703125 0.09609375 0.0078125 0.0078125
0 0.55625 0.08828125 0.009375 0.009375
0 0.55546875 0.0796875 0.0078125 0.0078125
0 0.55703125 0.0734375 0.003125 0.0015625
0 0.5546875 0.06875 0.009375 0.009375
0 0.55390625 0.06015625 0.0078125 0.0078125