0 0.7265625 0.8421875 0.01875 0.01875
0 0.7265625 0.81953125 0.0109375 0.0109375
0 0.72734375 0.8125 0.0078125 0.0078125
0 0.72890625 0.803125 0.0125 0.0109375
0 0.72890625 0.79375 0.009375 0.0109375
0 0.73125 0.78125 0.0140625 0.015625
0 0.7265625 0.828125 0.0109375 0.0109375
0 0.80078125 0.43125 0.0109375 0.0109375
0 0.8015625 0.42265625 0.009375 0.009375
0 0.8015625 0.41640625 0.003125 0.0046875
0 0.80234375 0.409375 0.0078125 0.0078125
0 0.80234375 0.4015625 0.00625 0.0078125
0 0.80390625 0.39453125 0.0078125 0.0078125
0 0.80390625 0.38671875 0.003125 0.0046875
0 0.80625 0.38125 0.009375 0.0078125
0 0.80703125 0.37265625 0.009375 0.009375
0 0.22578125 0.09375 0.009375 0.009375
0 0.2265625 0.08515625 0.009375 0.009375
0 0.22734375 0.078125 0.0109375 0.009375
0 0.22890625 0.07109375 0.0078125 0.0078125
0 0.2265625 0.0640625 0.003125 0.003125
0 0.22890625 0.059375 0.009375 0.009375
0 0.23046875 0.05078125 0.009375 0.009375
0 0.43515625 0.1046875 0.0109375 0.0078125
0 0.4359375 0.096875 0.0109375 0.0109375
0 0.43671875 0.0890625 0.0109375 0.0109375
0 0.4375 0.08046875 0.009375 0.009375
0 0.43515625 0.075 0.003125 0.003125
0 0.43828125 0.06953125 0.009375 0.009375
0 0.4390625 0.0609375 0.0109375 0.0109375