0 0.7203125 0.84609375 0.01875 0.01875
0 0.72109375 0.8234375 0.0109375 0.0109375
0 0.721875 0.81640625 0.0078125 0.0078125
0 0.7234375 0.80703125 0.0140625 0.0109375
0 0.72421875 0.79765625 0.009375 0.0109375
0 0.72578125 0.78515625 0.0140625 0.015625
0 0.7203125 0.83203125 0.0109375 0.0109375
0 0.80234375 0.43671875 0.0125 0.0109375
0 0.803125 0.428125 0.009375 0.009375
0 0.803125 0.421875 0.003125 0.0046875
0 0.80390625 0.41484375 0.0078125 0.0078125
0 0.8046875 0.40703125 0.0078125 0.0078125
0 0.80625 0.4 0.0078125 0.0078125
0 0.80625 0.3921875 0.003125 0.0046875
0 0.8078125 0.3859375 0.009375 0.0078125
0 0.809375 0.37734375 0.009375 0.009375
0 0.2328125 0.0890625 0.009375 0.009375
0 0.23359375 0.08046875 0.009375 0.009375
0 0.234375 0.07265625 0.0109375 0.009375
0 0.2359375 0.06640625 0.0078125 0.0078125
0 0.234375 0.059375 0.003125 0.003125
0 0.23671875 0.0546875 0.009375 0.009375
0 0.23828125 0.04609375 0.009375 0.009375
0 0.4421875 0.103125 0.0109375 0.0078125
0 0.44296875 0.09609375 0.0109375 0.0109375
0 0.44375 0.08828125 0.0109375 0.0109375
0 0.44453125 0.0796875 0.009375 0.009375
0 0.44296875 0.0734375 0.003125 0.003125
0 0.4453125 0.06875 0.009375 0.009375
0 0.44609375 0.06015625 0.0109375 0.0109375