0 0.79765625 0.7828125 0.01875 0.01875
0 0.775 0.77890625 0.0109375 0.0109375
0 0.76796875 0.778125 0.0078125 0.0078125
0 0.75859375 0.778125 0.0109375 0.0125
0 0.74921875 0.7765625 0.0109375 0.009375
0 0.73671875 0.7765625 0.015625 0.0140625
0 0.78359375 0.7796875 0.0109375 0.0109375
0 0.38046875 0.784375 0.0109375 0.0109375
0 0.371875 0.78359375 0.0078125 0.009375
0 0.365625 0.78203125 0.00625 0.003125
0 0.35859375 0.78203125 0.0078125 0.0078125
0 0.35078125 0.78125 0.0078125 0.00625
0 0.34375 0.78125 0.00625 0.00625
0 0.3359375 0.7796875 0.00625 0.0015625
0 0.3296875 0.78046875 0.00625 0.0078125
0 0.32109375 0.7796875 0.0078125 0.0078125
0 0.14765625 0.159375 0.009375 0.009375
0 0.1390625 0.15859375 0.0078125 0.009375
0 0.13125 0.1578125 0.0078125 0.0109375
0 0.12421875 0.1578125 0.0078125 0.00625
0 0.11875 0.15546875 0.0015625 0.0015625
0 0.1125 0.15625 0.00625 0.0078125
0 0.10390625 0.15625 0.009375 0.009375
0 0.121875 0.3671875 0.0078125 0.0109375
0 0.1140625 0.36640625 0.0078125 0.0078125
0 0.10625 0.365625 0.009375 0.009375
0 0.09765625 0.36484375 0.00625 0.0078125
0 0.0921875 0.3625 0.0015625 0.003125
0 0.08671875 0.3640625 0.009375 0.009375
0 0.078125 0.36328125 0.0078125 0.0078125