0 0.2671875 0.83828125 0.01875 0.01875
0 0.2671875 0.815625 0.009375 0.009375
0 0.2671875 0.80859375 0.0078125 0.0078125
0 0.265625 0.79921875 0.0125 0.0109375
0 0.265625 0.78984375 0.0078125 0.0109375
0 0.2640625 0.77734375 0.0140625 0.015625
0 0.26796875 0.82421875 0.009375 0.009375
0 0.2 0.4265625 0.009375 0.009375
0 0.2 0.41796875 0.009375 0.00625
0 0.2 0.4109375 0.003125 0.00625
0 0.2 0.4046875 0.0078125 0.0078125
0 0.19921875 0.396875 0.00625 0.0078125
0 0.19765625 0.38984375 0.00625 0.00625
0 0.19765625 0.38203125 0.0015625 0.00625
0 0.19609375 0.37578125 0.0078125 0.00625
0 0.1953125 0.3671875 0.0078125 0.0078125
0 0.78125 0.09921875 0.009375 0.0078125
0 0.78046875 0.090625 0.009375 0.00625
0 0.78046875 0.0828125 0.0109375 0.00625
0 0.77890625 0.07578125 0.00625 0.0078125
0 0.78046875 0.06953125 0.0015625 0.0015625
0 0.77890625 0.0640625 0.0078125 0.00625
0 0.77734375 0.05546875 0.009375 0.0078125
0 0.571875 0.10546875 0.0109375 0.00625
0 0.57109375 0.09765625 0.0078125 0.0078125
0 0.57109375 0.08984375 0.009375 0.0078125
0 0.5703125 0.08125 0.0078125 0.00625
0 0.571875 0.07578125 0.003125 0.0015625
0 0.56953125 0.0703125 0.0078125 0.009375
0 0.56875 0.06171875 0.0078125 0.0078125