0 0.203125 0.57734375 0.0140625 0.0109375
0 0.2015625 0.56953125 0.0125 0.0109375
0 0.2015625 0.56171875 0.0109375 0.00625
0 0.2015625 0.5546875 0.0125 0.0078125
0 0.20078125 0.546875 0.0125 0.009375
0 0.2 0.53984375 0.0125 0.00625
0 0.19921875 0.53359375 0.0109375 0.009375
0 0.1984375 0.525 0.0109375 0.0109375
0 0.19765625 0.51640625 0.0109375 0.0109375
0 0.19609375 0.50859375 0.0109375 0.009375
0 0.49609375 0.2703125 0.0125 0.009375
0 0.4953125 0.2609375 0.0140625 0.0125
0 0.47890625 0.1125 0.0125 0.009375
0 0.478125 0.10546875 0.0125 0.009375
0 0.478125 0.09609375 0.0125 0.0109375
0 0.4765625 0.0875 0.0140625 0.0125
0 0.4765625 0.08125 0.0109375 0.00625
0 0.475 0.075 0.0125 0.009375
0 0.47421875 0.06640625 0.0125 0.0109375
0 0.646875 0.0875 0.0125 0.0109375
0 0.64609375 0.07890625 0.0125 0.0109375
0 0.6453125 0.07109375 0.0125 0.0109375
0 0.64453125 0.06171875 0.0125 0.0109375
0 0.64453125 0.05390625 0.0125 0.0109375
0 0.64375 0.046875 0.0125 0.0078125
0 0.6421875 0.03984375 0.0125 0.009375
0 0.64140625 0.03203125 0.0125 0.0109375