0 0.5359375 0.1953125 0.009375 0.0140625
0 0.52734375 0.1953125 0.009375 0.0125
0 0.51953125 0.19609375 0.0046875 0.0109375
0 0.5125 0.196875 0.00625 0.0125
0 0.5046875 0.196875 0.0078125 0.0125
0 0.49765625 0.19765625 0.0046875 0.0125
0 0.49140625 0.19765625 0.0078125 0.0109375
0 0.4828125 0.1984375 0.009375 0.0109375
0 0.47421875 0.1984375 0.009375 0.009375
0 0.46640625 0.1984375 0.0078125 0.0109375
0 0.27265625 0.528125 0.0078125 0.0125
0 0.26328125 0.52890625 0.0109375 0.0125
0 0.1140625 0.5328125 0.0078125 0.0125
0 0.10625 0.5328125 0.0078125 0.0125
0 0.09765625 0.534375 0.009375 0.0125
0 0.08828125 0.534375 0.0109375 0.0125
0 0.08203125 0.53515625 0.0046875 0.0109375
0 0.07578125 0.53515625 0.0078125 0.0125
0 0.0671875 0.53515625 0.009375 0.0125
0 0.11171875 0.70234375 0.009375 0.0125
0 0.103125 0.703125 0.009375 0.0125
0 0.0953125 0.703125 0.009375 0.0125
0 0.0859375 0.70390625 0.009375 0.0125
0 0.078125 0.70546875 0.009375 0.0125
0 0.07109375 0.70546875 0.00625 0.0125
0 0.0640625 0.70546875 0.0078125 0.0125
0 0.05625 0.70546875 0.009375 0.0125