0 0.4484375 0.19765625 0.009375 0.0140625
0 0.45703125 0.196875 0.009375 0.0125
0 0.46484375 0.19765625 0.0046875 0.0109375
0 0.471875 0.19765625 0.00625 0.0125
0 0.4796875 0.19765625 0.0078125 0.0125
0 0.48671875 0.19765625 0.0046875 0.0125
0 0.49296875 0.19765625 0.0078125 0.0109375
0 0.5015625 0.19765625 0.009375 0.0109375
0 0.51015625 0.19765625 0.009375 0.009375
0 0.51796875 0.196875 0.0078125 0.0109375
0 0.72890625 0.51640625 0.0078125 0.0125
0 0.73828125 0.51640625 0.0109375 0.0125
0 0.8875 0.5125 0.0078125 0.0125
0 0.8953125 0.5125 0.0078125 0.0125
0 0.90390625 0.51328125 0.009375 0.0125
0 0.91328125 0.5125 0.0109375 0.0125
0 0.91953125 0.51328125 0.0046875 0.0109375
0 0.92578125 0.5125 0.0078125 0.0125
0 0.934375 0.5125 0.009375 0.0125
0 0.8984375 0.68203125 0.009375 0.0125
0 0.90703125 0.68203125 0.009375 0.0125
0 0.91484375 0.68203125 0.009375 0.0125
0 0.92421875 0.68203125 0.009375 0.0125
0 0.93203125 0.6828125 0.009375 0.0125
0 0.9390625 0.6828125 0.00625 0.0125
0 0.94609375 0.68203125 0.0078125 0.0125
0 0.95390625 0.68203125 0.009375 0.0125