0 0.18125 0.75546875 0.0125 0.0109375
0 0.1921875 0.75625 0.0125 0.0125
0 0.203125 0.75625 0.0125 0.0125
0 0.2109375 0.75625 0.00625 0.0125
0 0.21640625 0.75625 0.0109375 0.009375
0 0.22578125 0.75625 0.0140625 0.0125
0 0.23828125 0.75625 0.009375 0.009375
0 0.25234375 0.75625 0.0078125 0.009375
0 0.2625 0.75625 0.0125 0.009375
0 0.2734375 0.75625 0.0125 0.0125
0 0.2828125 0.75703125 0.0125 0.0109375
0 0.290625 0.75625 0.00625 0.0125
0 0.87578125 0.2984375 0.0078125 0.009375
0 0.88515625 0.29921875 0.0078125 0.0109375
0 0.890625 0.2953125 0.00625 0.00625
0 0.8734375 0.19140625 0.009375 0.0109375
0 0.88359375 0.1921875 0.0078125 0.0125
0 0.8828125 0.0984375 0.009375 0.009375
0 0.8875 0.09453125 0.003125 0.0046875
0 0.89453125 0.09765625 0.009375 0.009375
0 0.903125 0.0984375 0.009375 0.009375
0 0.91171875 0.09765625 0.0078125 0.009375
0 0.15078125 0.15625 0.0078125 0.0125
0 0.15859375 0.15625 0.0078125 0.009375