0 0.82734375 0.74453125 0.0140625 0.0109375
0 0.81640625 0.7453125 0.0125 0.0109375
0 0.80546875 0.74609375 0.0140625 0.0109375
0 0.79765625 0.74609375 0.00625 0.0140625
0 0.7921875 0.74609375 0.0109375 0.0109375
0 0.7828125 0.746875 0.0140625 0.0109375
0 0.7703125 0.746875 0.009375 0.009375
0 0.75625 0.74765625 0.009375 0.0109375
0 0.74609375 0.74765625 0.0125 0.0109375
0 0.73515625 0.7484375 0.0140625 0.0109375
0 0.72578125 0.74921875 0.0125 0.0109375
0 0.71796875 0.7484375 0.0078125 0.0125
0 0.1171875 0.31171875 0.0078125 0.0109375
0 0.1078125 0.3125 0.0078125 0.0109375
0 0.10234375 0.309375 0.00625 0.0046875
0 0.11640625 0.2046875 0.0109375 0.0125
0 0.10625 0.20546875 0.009375 0.0125
0 0.103125 0.11171875 0.0078125 0.0109375
0 0.0984375 0.10859375 0.003125 0.0046875
0 0.09140625 0.11171875 0.009375 0.009375
0 0.0828125 0.1125 0.009375 0.009375
0 0.07421875 0.1125 0.0078125 0.009375
0 0.83671875 0.14453125 0.0078125 0.0125
0 0.82890625 0.14453125 0.0078125 0.0109375