0 0.18125 0.24453125 0.0140625 0.0109375
0 0.1921875 0.24375 0.0125 0.0109375
0 0.203125 0.24375 0.0140625 0.0109375
0 0.2109375 0.24375 0.00625 0.0140625
0 0.21640625 0.24375 0.0109375 0.0109375
0 0.22578125 0.24375 0.0140625 0.0109375
0 0.23828125 0.24375 0.009375 0.009375
0 0.25234375 0.24375 0.009375 0.0109375
0 0.2625 0.24375 0.0125 0.0109375
0 0.2734375 0.24375 0.0140625 0.0109375
0 0.2828125 0.24296875 0.0125 0.0109375
0 0.290625 0.24375 0.0078125 0.0125
0 0.87578125 0.7015625 0.0078125 0.0109375
0 0.88515625 0.70078125 0.0078125 0.0109375
0 0.890625 0.7046875 0.00625 0.0046875
0 0.8734375 0.80859375 0.0109375 0.0125
0 0.88359375 0.8078125 0.009375 0.0125
0 0.8828125 0.9015625 0.0078125 0.0109375
0 0.8875 0.90546875 0.003125 0.0046875
0 0.89453125 0.90234375 0.009375 0.009375
0 0.903125 0.9015625 0.009375 0.009375
0 0.91171875 0.90234375 0.0078125 0.009375
0 0.15078125 0.84375 0.0078125 0.0125
0 0.15859375 0.84375 0.0078125 0.0109375