0 0.7328125 0.1640625 0.0125 0.0140625
0 0.734375 0.175 0.0125 0.0125
0 0.73515625 0.1859375 0.0125 0.0140625
0 0.73515625 0.19375 0.0140625 0.0078125
0 0.7359375 0.19921875 0.0109375 0.0109375
0 0.73671875 0.20859375 0.0125 0.0140625
0 0.7375 0.22109375 0.009375 0.009375
0 0.73828125 0.23515625 0.0109375 0.009375
0 0.7390625 0.2453125 0.0125 0.0125
0 0.73984375 0.25625 0.0125 0.0140625
0 0.74140625 0.265625 0.0125 0.0125
0 0.74140625 0.2734375 0.0125 0.009375
0 0.325 0.8890625 0.0109375 0.0078125
0 0.3265625 0.8984375 0.0109375 0.0078125
0 0.3234375 0.90390625 0.0046875 0.00625
0 0.21796875 0.89375 0.0125 0.0125
0 0.21953125 0.90390625 0.0125 0.0109375
0 0.12578125 0.91015625 0.0109375 0.0078125
0 0.12265625 0.91484375 0.0046875 0.003125
0 0.12578125 0.921875 0.009375 0.009375
0 0.12734375 0.93046875 0.009375 0.009375
0 0.12734375 0.9390625 0.009375 0.0078125
0 0.1328125 0.17578125 0.0125 0.009375
0 0.13359375 0.18359375 0.0109375 0.0078125