0 0.8046875 0.228125 0.0125 0.0109375
0 0.79375 0.228125 0.0125 0.0125
0 0.7828125 0.22890625 0.0125 0.0125
0 0.775 0.22890625 0.00625 0.0125
0 0.76953125 0.22890625 0.0109375 0.009375
0 0.76015625 0.2296875 0.0140625 0.0125
0 0.74765625 0.23046875 0.009375 0.009375
0 0.73359375 0.23125 0.0078125 0.009375
0 0.7234375 0.23203125 0.0125 0.009375
0 0.7125 0.23203125 0.0125 0.0125
0 0.703125 0.23203125 0.0125 0.0109375
0 0.6953125 0.2328125 0.00625 0.0125
0 0.13515625 0.72109375 0.0078125 0.009375
0 0.12578125 0.7203125 0.0078125 0.0109375
0 0.1203125 0.725 0.00625 0.00625
0 0.14296875 0.82734375 0.009375 0.0109375
0 0.1328125 0.82734375 0.0078125 0.0125
0 0.1390625 0.92109375 0.009375 0.009375
0 0.134375 0.925 0.003125 0.0046875
0 0.12734375 0.92265625 0.009375 0.009375
0 0.11875 0.921875 0.009375 0.009375
0 0.11015625 0.9234375 0.0078125 0.009375
0 0.86640625 0.825 0.0078125 0.0125
0 0.85859375 0.82578125 0.0078125 0.009375