0 0.21484375 0.7921875 0.0140625 0.0125
0 0.22578125 0.7921875 0.0140625 0.0140625
0 0.23671875 0.790625 0.0140625 0.0140625
0 0.24453125 0.78984375 0.0078125 0.0125
0 0.25 0.7890625 0.0125 0.0109375
0 0.259375 0.7875 0.015625 0.0140625
0 0.27109375 0.7859375 0.0109375 0.0109375
0 0.28515625 0.784375 0.009375 0.0109375
0 0.2953125 0.78359375 0.0140625 0.0109375
0 0.30625 0.78203125 0.0140625 0.0140625
0 0.315625 0.78125 0.0140625 0.0125
0 0.3234375 0.7796875 0.0078125 0.0125
0 0.8484375 0.25390625 0.009375 0.0109375
0 0.8578125 0.25390625 0.009375 0.0125
0 0.8625 0.24921875 0.00625 0.00625
0 0.8328125 0.1484375 0.0109375 0.0125
0 0.84296875 0.14765625 0.009375 0.0140625
0 0.83125 0.0546875 0.0109375 0.0109375
0 0.83515625 0.05 0.003125 0.0046875
0 0.8421875 0.05234375 0.0109375 0.0109375
0 0.8515625 0.05234375 0.0109375 0.0109375
0 0.859375 0.05078125 0.009375 0.0109375
0 0.11171875 0.2015625 0.009375 0.0140625
0 0.11953125 0.20078125 0.009375 0.0109375