0 0.25 0.8234375 0.0109375 0.0125
0 0.24921875 0.8125 0.0125 0.0125
0 0.24921875 0.8015625 0.0125 0.0125
0 0.24921875 0.79375 0.0125 0.00625
0 0.2484375 0.78828125 0.009375 0.0109375
0 0.2484375 0.77890625 0.0125 0.0140625
0 0.2484375 0.76640625 0.009375 0.009375
0 0.2484375 0.75234375 0.009375 0.0078125
0 0.24765625 0.7421875 0.009375 0.0125
0 0.24765625 0.73125 0.0125 0.0125
0 0.246875 0.721875 0.0109375 0.0125
0 0.24765625 0.7140625 0.0125 0.00625
0 0.6953125 0.12109375 0.009375 0.0078125
0 0.69375 0.11171875 0.0109375 0.0078125
0 0.69765625 0.10625 0.00625 0.00625
0 0.80234375 0.12109375 0.0109375 0.009375
0 0.80078125 0.1109375 0.0125 0.0078125
0 0.89453125 0.11015625 0.009375 0.009375
0 0.8984375 0.10546875 0.0046875 0.003125
0 0.8953125 0.0984375 0.009375 0.009375
0 0.89453125 0.08984375 0.009375 0.009375
0 0.8953125 0.08125 0.009375 0.0078125
0 0.85 0.84296875 0.0125 0.0078125
0 0.85 0.83515625 0.009375 0.0078125