0 0.73828125 0.16796875 0.0109375 0.0125
0 0.73984375 0.17890625 0.0125 0.0125
0 0.740625 0.18984375 0.0125 0.0125
0 0.740625 0.19765625 0.0125 0.00625
0 0.74140625 0.203125 0.009375 0.0109375
0 0.74140625 0.2125 0.0125 0.0140625
0 0.7421875 0.225 0.009375 0.009375
0 0.74296875 0.2390625 0.009375 0.0078125
0 0.74375 0.24921875 0.009375 0.0125
0 0.74375 0.26015625 0.0125 0.0125
0 0.7453125 0.26953125 0.0109375 0.0125
0 0.7453125 0.27734375 0.0125 0.00625
0 0.31875 0.8859375 0.009375 0.0078125
0 0.31953125 0.8953125 0.0109375 0.0078125
0 0.31640625 0.90078125 0.00625 0.00625
0 0.21171875 0.8890625 0.0109375 0.009375
0 0.2125 0.89921875 0.0125 0.0078125
0 0.11875 0.903125 0.009375 0.009375
0 0.115625 0.9078125 0.0046875 0.003125
0 0.11875 0.91484375 0.009375 0.009375
0 0.1203125 0.9234375 0.009375 0.009375
0 0.11953125 0.93203125 0.009375 0.0078125
0 0.13828125 0.16953125 0.0125 0.0078125
0 0.1390625 0.17734375 0.009375 0.0078125