0 0.5953125 0.740625 0.021875 0.025
0 0.61640625 0.7453125 0.0203125 0.0265625
0 0.57734375 0.73828125 0.015625 0.0203125
0 0.63203125 0.74609375 0.025 0.028125
0 0.646875 0.74609375 0.025 0.0265625
0 0.66484375 0.74921875 0.021875 0.028125
0 0.6828125 0.75 0.0203125 0.0265625
0 0.6984375 0.75078125 0.01875 0.03125
0 0.71484375 0.753125 0.015625 0.0296875
0 0.29453125 0.55546875 0.0171875 0.028125
0 0.3171875 0.55859375 0.025 0.0234375
0 0.33125 0.56171875 0.015625 0.025
0 0.35078125 0.56328125 0.025 0.0296875
0 0.36796875 0.5640625 0.021875 0.028125
0 0.3890625 0.565625 0.025 0.028125
0 0.71640625 0.10390625 0.0203125 0.0265625
0 0.7390625 0.10703125 0.025 0.03125
0 0.759375 0.10703125 0.0265625 0.025
0 0.78359375 0.1109375 0.0265625 0.025
0 0.796875 0.10546875 0.0109375 0.0109375