0 0.384375 0.73125 0.01875 0.025
0 0.3625 0.734375 0.01875 0.025
0 0.40234375 0.73046875 0.0140625 0.01875
0 0.346875 0.73359375 0.025 0.0265625
0 0.33203125 0.73203125 0.0234375 0.025
0 0.3140625 0.73359375 0.01875 0.0265625
0 0.29609375 0.7328125 0.01875 0.025
0 0.28046875 0.7328125 0.0140625 0.028125
0 0.2640625 0.73359375 0.0125 0.0265625
0 0.7 0.5734375 0.015625 0.025
0 0.67734375 0.57421875 0.0234375 0.0203125
0 0.6625 0.57578125 0.0125 0.0234375
0 0.64296875 0.57578125 0.0203125 0.028125
0 0.62578125 0.575 0.0203125 0.025
0 0.6046875 0.575 0.021875 0.025
0 0.31875 0.08671875 0.01875 0.0234375
0 0.29609375 0.0875 0.021875 0.028125
0 0.27578125 0.0859375 0.0234375 0.021875
0 0.2515625 0.0875 0.025 0.021875
0 0.23828125 0.08125 0.0109375 0.009375