0 0.26484375 0.3921875 0.025 0.0203125
0 0.2609375 0.37109375 0.025 0.0203125
0 0.26640625 0.41015625 0.01875 0.0140625
0 0.2609375 0.35546875 0.028125 0.0265625
0 0.2625 0.33984375 0.0265625 0.025
0 0.26015625 0.32265625 0.0265625 0.0203125
0 0.26015625 0.3046875 0.025 0.0203125
0 0.259375 0.2890625 0.028125 0.015625
0 0.25859375 0.27265625 0.0265625 0.0140625
0 0.43359375 0.70234375 0.025 0.0171875
0 0.43203125 0.6796875 0.021875 0.0234375
0 0.4296875 0.66484375 0.0234375 0.0140625
0 0.42890625 0.6453125 0.028125 0.021875
0 0.4296875 0.628125 0.025 0.021875
0 0.42890625 0.60703125 0.025 0.0234375
0 0.90703125 0.3046875 0.0234375 0.0203125
0 0.90546875 0.28203125 0.028125 0.0234375
0 0.90625 0.26171875 0.0234375 0.0234375
0 0.90390625 0.2375 0.0234375 0.025
0 0.909375 0.2234375 0.009375 0.0109375