0 0.2609375 0.59921875 0.0265625 0.0203125
0 0.25625 0.62109375 0.0265625 0.0203125
0 0.26328125 0.58125 0.0203125 0.015625
0 0.25625 0.63671875 0.028125 0.0265625
0 0.25703125 0.6515625 0.0265625 0.025
0 0.25390625 0.66953125 0.028125 0.0203125
0 0.25390625 0.6875 0.0265625 0.0203125
0 0.25234375 0.703125 0.0296875 0.015625
0 0.25078125 0.71875 0.028125 0.0140625
0 0.440625 0.2953125 0.0265625 0.0171875
0 0.43828125 0.31796875 0.021875 0.025
0 0.4359375 0.3328125 0.025 0.0140625
0 0.434375 0.35234375 0.0296875 0.021875
0 0.43359375 0.36953125 0.0265625 0.021875
0 0.4328125 0.390625 0.0265625 0.0234375
0 0.9 0.709375 0.025 0.0203125
0 0.89765625 0.73203125 0.0296875 0.0234375
0 0.89765625 0.75234375 0.0234375 0.025
0 0.89453125 0.7765625 0.0234375 0.0265625
0 0.89921875 0.790625 0.009375 0.0109375