0 0.384375 0.26875 0.01875 0.025
0 0.3625 0.265625 0.01875 0.025
0 0.40234375 0.26953125 0.0140625 0.01875
0 0.346875 0.26640625 0.025 0.0265625
0 0.33203125 0.26796875 0.0234375 0.025
0 0.3140625 0.26640625 0.01875 0.0265625
0 0.29609375 0.2671875 0.01875 0.025
0 0.28046875 0.2671875 0.0140625 0.028125
0 0.2640625 0.26640625 0.0125 0.0265625
0 0.7 0.4265625 0.015625 0.025
0 0.67734375 0.42578125 0.0234375 0.0203125
0 0.6625 0.42421875 0.0125 0.0234375
0 0.64296875 0.42421875 0.0203125 0.028125
0 0.62578125 0.425 0.0203125 0.025
0 0.6046875 0.425 0.021875 0.025
0 0.31875 0.91328125 0.01875 0.0234375
0 0.29609375 0.9125 0.021875 0.028125
0 0.27578125 0.9140625 0.0234375 0.021875
0 0.2515625 0.9125 0.025 0.021875
0 0.23828125 0.91875 0.0109375 0.009375