0 0.41796875 0.7453125 0.021875 0.028125
0 0.39609375 0.7515625 0.021875 0.028125
0 0.43515625 0.7421875 0.0171875 0.0203125
0 0.38125 0.75234375 0.028125 0.0296875
0 0.365625 0.753125 0.0265625 0.028125
0 0.3484375 0.75703125 0.021875 0.0296875
0 0.33046875 0.75859375 0.021875 0.028125
0 0.31484375 0.7609375 0.0171875 0.0296875
0 0.29921875 0.7640625 0.015625 0.028125
0 0.70859375 0.54453125 0.01875 0.0265625
0 0.6859375 0.5484375 0.0265625 0.0234375
0 0.67109375 0.55234375 0.015625 0.025
0 0.65234375 0.55546875 0.0234375 0.03125
0 0.63515625 0.55703125 0.0234375 0.028125
0 0.6140625 0.559375 0.025 0.028125
0 0.26328125 0.115625 0.021875 0.0265625
0 0.240625 0.11953125 0.025 0.03125
0 0.2203125 0.12109375 0.0265625 0.025
0 0.196875 0.12578125 0.028125 0.025
0 0.1828125 0.121875 0.0125 0.0109375