0 0.615625 0.26875 0.0203125 0.0234375
0 0.6375 0.265625 0.01875 0.025
0 0.59765625 0.26953125 0.0140625 0.01875
0 0.653125 0.26640625 0.0234375 0.0265625
0 0.66796875 0.26796875 0.0234375 0.025
0 0.6859375 0.26640625 0.0203125 0.0265625
0 0.70390625 0.2671875 0.01875 0.025
0 0.71953125 0.2671875 0.015625 0.0296875
0 0.7359375 0.26640625 0.0125 0.028125
0 0.3 0.4265625 0.015625 0.0265625
0 0.32265625 0.42578125 0.0234375 0.021875
0 0.3375 0.42421875 0.0140625 0.0234375
0 0.35703125 0.42421875 0.021875 0.028125
0 0.37421875 0.425 0.0203125 0.0265625
0 0.3953125 0.425 0.0234375 0.0265625
0 0.68125 0.91328125 0.01875 0.025
0 0.70390625 0.9125 0.021875 0.0296875
0 0.72421875 0.9140625 0.025 0.0234375
0 0.7484375 0.9125 0.025 0.0234375
0 0.76171875 0.91875 0.0109375 0.009375