0 0.2859375 0.4984375 0.01875 0.0140625
0 0.28359375 0.48515625 0.0171875 0.0125
0 0.3234375 0.365625 0.0171875 0.0171875
0 0.321875 0.3484375 0.0171875 0.01875
0 0.32421875 0.3375 0.0078125 0.0078125
0 0.31796875 0.3265625 0.015625 0.0125
0 0.3171875 0.31328125 0.0171875 0.015625
0 0.48515625 0.35859375 0.0171875 0.0140625
0 0.484375 0.34375 0.0171875 0.0203125
0 0.4828125 0.3296875 0.0171875 0.0171875
0 0.4859375 0.31953125 0.0078125 0.009375
0 0.4796875 0.309375 0.01875 0.0171875
0 0.478125 0.29453125 0.0171875 0.0171875
0 0.3609375 0.72578125 0.01875 0.0171875