0 0.47578125 0.2875 0.0109375 0.01875
0 0.4625 0.28671875 0.009375 0.0171875
0 0.34765625 0.33828125 0.015625 0.0140625
0 0.33046875 0.3390625 0.0171875 0.015625
0 0.3203125 0.3421875 0.00625 0.009375
0 0.30859375 0.33671875 0.0109375 0.0140625
0 0.2953125 0.3375 0.015625 0.015625
0 0.3578125 0.5 0.0125 0.015625
0 0.34296875 0.50078125 0.0171875 0.0171875
0 0.32890625 0.50078125 0.0140625 0.015625
0 0.31875 0.5046875 0.009375 0.00625
0 0.30859375 0.5 0.015625 0.01875
0 0.29375 0.5 0.015625 0.015625
0 0.71015625 0.33828125 0.015625 0.0171875