0 0.4984375 0.7140625 0.0125 0.0203125
0 0.5109375 0.71640625 0.0109375 0.01875
0 0.63125 0.67890625 0.0171875 0.015625
0 0.6484375 0.68046875 0.01875 0.0171875
0 0.659375 0.67890625 0.0078125 0.009375
0 0.6703125 0.68515625 0.0125 0.015625
0 0.68359375 0.6859375 0.0171875 0.0171875
0 0.64140625 0.5171875 0.0140625 0.0171875
0 0.65625 0.51875 0.01875 0.01875
0 0.66953125 0.5203125 0.015625 0.0171875
0 0.68046875 0.5171875 0.009375 0.0078125
0 0.68984375 0.5234375 0.0171875 0.0203125
0 0.7046875 0.525 0.0171875 0.0171875
0 0.271875 0.63515625 0.0171875 0.01875