0 0.52421875 0.2875 0.0109375 0.01875
0 0.5375 0.28671875 0.009375 0.0171875
0 0.65234375 0.33828125 0.015625 0.0140625
0 0.66953125 0.3390625 0.0171875 0.015625
0 0.6796875 0.3421875 0.00625 0.009375
0 0.69140625 0.33671875 0.0109375 0.0140625
0 0.7046875 0.3375 0.015625 0.015625
0 0.6421875 0.5 0.0125 0.015625
0 0.65703125 0.50078125 0.0171875 0.0171875
0 0.67109375 0.50078125 0.0140625 0.015625
0 0.68125 0.5046875 0.009375 0.00625
0 0.69140625 0.5 0.015625 0.01875
0 0.70625 0.5 0.015625 0.015625
0 0.28984375 0.33828125 0.015625 0.0171875