0 0.2859375 0.49453125 0.01875 0.0140625
0 0.284375 0.48125 0.0171875 0.0125
0 0.32578125 0.3625 0.0171875 0.0171875
0 0.325 0.3453125 0.0171875 0.01875
0 0.32734375 0.334375 0.0078125 0.00625
0 0.3203125 0.3234375 0.015625 0.0125
0 0.3203125 0.31015625 0.0171875 0.015625
0 0.4875 0.35859375 0.0171875 0.0140625
0 0.48671875 0.34375 0.0171875 0.0203125
0 0.4859375 0.3296875 0.0171875 0.0171875
0 0.4890625 0.31875 0.0078125 0.009375
0 0.48359375 0.309375 0.01875 0.0171875
0 0.48203125 0.29453125 0.0171875 0.0171875
0 0.35703125 0.7234375 0.01875 0.0171875