0 0.46484375 0.7109375 0.0125 0.01875
0 0.4515625 0.7109375 0.0109375 0.0171875
0 0.3390625 0.65390625 0.015625 0.015625
0 0.32265625 0.6515625 0.01875 0.0171875
0 0.3125 0.6484375 0.00625 0.009375
0 0.3 0.653125 0.0109375 0.0140625
0 0.28671875 0.6515625 0.0171875 0.0171875
0 0.3578125 0.4921875 0.0140625 0.015625
0 0.34296875 0.490625 0.01875 0.01875
0 0.32890625 0.490625 0.015625 0.015625
0 0.31953125 0.4859375 0.009375 0.00625
0 0.30859375 0.48984375 0.0171875 0.0203125
0 0.29375 0.4890625 0.0171875 0.0171875
0 0.7015625 0.67265625 0.0171875 0.01875