0 0.53125 0.71171875 0.0109375 0.01875
0 0.54453125 0.71171875 0.009375 0.0171875
0 0.6578125 0.65625 0.015625 0.0140625
0 0.675 0.6546875 0.0171875 0.015625
0 0.68515625 0.6515625 0.00625 0.009375
0 0.696875 0.65625 0.0109375 0.0140625
0 0.71015625 0.65546875 0.015625 0.015625
0 0.6421875 0.4953125 0.0125 0.015625
0 0.65703125 0.49375 0.0171875 0.0171875
0 0.67109375 0.49296875 0.0140625 0.015625
0 0.68125 0.4890625 0.009375 0.00625
0 0.69140625 0.49296875 0.015625 0.01875
0 0.70625 0.49296875 0.015625 0.015625
0 0.2953125 0.66875 0.015625 0.0171875