0 0.28671875 0.48671875 0.01875 0.0125
0 0.28515625 0.4734375 0.0171875 0.0109375
0 0.33046875 0.35625 0.015625 0.015625
0 0.33046875 0.3390625 0.0171875 0.01875
0 0.3328125 0.32890625 0.009375 0.00625
0 0.3265625 0.3171875 0.0140625 0.0109375
0 0.32734375 0.30390625 0.0171875 0.0171875
0 0.4921875 0.3578125 0.015625 0.0140625
0 0.4921875 0.34296875 0.01875 0.01875
0 0.4921875 0.32890625 0.015625 0.015625
0 0.4953125 0.31875 0.00625 0.009375
0 0.48984375 0.30859375 0.0203125 0.0171875
0 0.4890625 0.29375 0.0171875 0.0171875
0 0.34921875 0.71796875 0.01875 0.0171875