0 0.5875 0.8765625 0.015625 0.015625
0 0.6046875 0.87578125 0.015625 0.0171875
0 0.61796875 0.8765625 0.01875 0.015625
0 0.6328125 0.87578125 0.015625 0.015625
0 0.6484375 0.87578125 0.0125 0.015625
0 0.66015625 0.87578125 0.0171875 0.0140625
0 0.675 0.87421875 0.009375 0.0171875
0 0.68984375 0.8734375 0.015625 0.015625
0 0.7046875 0.8734375 0.015625 0.0140625
0 0.7203125 0.87578125 0.015625 0.015625
0 0.33046875 0.69296875 0.0125 0.0140625
0 0.34296875 0.69453125 0.009375 0.0140625
0 0.3515625 0.69296875 0.00625 0.00625
0 0.36015625 0.69375 0.0140625 0.0171875
0 0.37265625 0.69296875 0.0140625 0.015625
0 0.38046875 0.69296875 0.0046875 0.00625
0 0.38828125 0.69296875 0.0109375 0.015625
0 0.40078125 0.69296875 0.0109375 0.0140625
0 0.41171875 0.69296875 0.0140625 0.0140625
0 0.42421875 0.69296875 0.0140625 0.015625
0 0.71171875 0.10390625 0.015625 0.021875
0 0.73046875 0.1046875 0.015625 0.0203125
0 0.74765625 0.103125 0.015625 0.015625
0 0.546875 0.59921875 0.021875 0.01875