0 0.11796875 0.43828125 0.0171875 0.0171875
0 0.11796875 0.42109375 0.01875 0.0171875
0 0.115625 0.40859375 0.0171875 0.0203125
0 0.115625 0.39375 0.0171875 0.0171875
0 0.11484375 0.378125 0.015625 0.0140625
0 0.11328125 0.36640625 0.015625 0.0171875
0 0.1140625 0.3515625 0.0171875 0.0109375
0 0.1140625 0.33671875 0.0171875 0.0171875
0 0.1125 0.321875 0.015625 0.015625
0 0.109375 0.30625 0.0171875 0.0171875
0 0.31953125 0.68203125 0.0140625 0.0125
0 0.3171875 0.6703125 0.0140625 0.009375
0 0.3171875 0.66171875 0.00625 0.00625
0 0.31640625 0.653125 0.0171875 0.015625
0 0.31640625 0.640625 0.015625 0.015625
0 0.31640625 0.6328125 0.00625 0.0046875
0 0.315625 0.625 0.015625 0.0125
0 0.3140625 0.6125 0.0140625 0.0109375
0 0.31328125 0.6015625 0.0140625 0.0140625
0 0.31328125 0.5890625 0.015625 0.015625
0 0.88046875 0.2609375 0.0234375 0.0171875
0 0.878125 0.2421875 0.021875 0.0171875
0 0.878125 0.225 0.0171875 0.0171875
0 0.39765625 0.46015625 0.0203125 0.0234375