0 0.43828125 0.88203125 0.0171875 0.01875
0 0.42109375 0.88203125 0.01875 0.01875
0 0.40859375 0.884375 0.0203125 0.0171875
0 0.39375 0.884375 0.0171875 0.01875
0 0.378125 0.88515625 0.0140625 0.0171875
0 0.36640625 0.88671875 0.0171875 0.015625
0 0.3515625 0.8859375 0.0125 0.0171875
0 0.33671875 0.8859375 0.0171875 0.0171875
0 0.321875 0.8875 0.015625 0.015625
0 0.30625 0.890625 0.015625 0.015625
0 0.68203125 0.68046875 0.0140625 0.015625
0 0.6703125 0.6828125 0.0109375 0.015625
0 0.66171875 0.6828125 0.00625 0.00625
0 0.653125 0.68359375 0.015625 0.0171875
0 0.640625 0.68359375 0.015625 0.015625
0 0.6328125 0.68359375 0.00625 0.0078125
0 0.625 0.684375 0.0140625 0.015625
0 0.6125 0.6859375 0.0125 0.0140625
0 0.6015625 0.68671875 0.0140625 0.0140625
0 0.5890625 0.68671875 0.015625 0.015625
0 0.2609375 0.11953125 0.0171875 0.021875
0 0.2421875 0.121875 0.0171875 0.021875
0 0.225 0.121875 0.0171875 0.01875
0 0.46015625 0.60234375 0.021875 0.021875