0 0.8796875 0.575 0.0171875 0.015625
0 0.87890625 0.5921875 0.0171875 0.0171875
0 0.88046875 0.60546875 0.015625 0.01875
0 0.88046875 0.6203125 0.0171875 0.015625
0 0.88046875 0.6359375 0.0171875 0.0125
0 0.88125 0.64765625 0.0140625 0.0171875
0 0.88046875 0.6625 0.0171875 0.0109375
0 0.8796875 0.67734375 0.015625 0.015625
0 0.88046875 0.6921875 0.0140625 0.015625
0 0.88359375 0.70703125 0.0140625 0.015625
0 0.68671875 0.32421875 0.015625 0.0125
0 0.68828125 0.33671875 0.015625 0.009375
0 0.68828125 0.3453125 0.00625 0.00625
0 0.6890625 0.35390625 0.0171875 0.0140625
0 0.68828125 0.36640625 0.015625 0.0140625
0 0.68828125 0.37421875 0.0078125 0.00625
0 0.68828125 0.38203125 0.015625 0.0125
0 0.68984375 0.39453125 0.0140625 0.0125
0 0.68984375 0.40546875 0.0140625 0.0140625
0 0.68984375 0.41796875 0.015625 0.0140625
0 0.11171875 0.72578125 0.0203125 0.015625
0 0.1125 0.74453125 0.0203125 0.015625
0 0.1125 0.76171875 0.0171875 0.015625
0 0.60078125 0.54375 0.0203125 0.0203125