0 0.58125 0.121875 0.015625 0.0171875
0 0.5984375 0.12265625 0.0171875 0.0171875
0 0.61171875 0.12109375 0.01875 0.015625
0 0.6265625 0.121875 0.015625 0.0171875
0 0.6421875 0.121875 0.0125 0.0171875
0 0.65390625 0.12109375 0.0171875 0.0140625
0 0.66875 0.12265625 0.0109375 0.0171875
0 0.68359375 0.1234375 0.015625 0.015625
0 0.6984375 0.12265625 0.015625 0.0140625
0 0.7140625 0.1203125 0.015625 0.0140625
0 0.32734375 0.31015625 0.0125 0.015625
0 0.33984375 0.30859375 0.009375 0.015625
0 0.3484375 0.309375 0.00625 0.00625
0 0.35703125 0.30859375 0.0140625 0.0171875
0 0.36953125 0.309375 0.0140625 0.015625
0 0.37734375 0.309375 0.00625 0.0078125
0 0.38515625 0.309375 0.0125 0.015625
0 0.39765625 0.30859375 0.0125 0.0140625
0 0.40859375 0.30859375 0.0140625 0.0140625
0 0.42109375 0.30859375 0.0140625 0.015625
0 0.71875 0.8921875 0.015625 0.0203125
0 0.7375 0.89140625 0.015625 0.0203125
0 0.7546875 0.8921875 0.015625 0.0171875
0 0.5453125 0.4 0.0203125 0.0203125