0 0.3921875 0.871875 0.0171875 0.0171875
0 0.37578125 0.86953125 0.0171875 0.01875
0 0.3625 0.8703125 0.0203125 0.0171875
0 0.34765625 0.86875 0.0171875 0.0171875
0 0.33203125 0.8671875 0.0140625 0.0171875
0 0.3203125 0.8671875 0.01875 0.015625
0 0.30546875 0.86484375 0.0109375 0.0171875
0 0.290625 0.8625 0.0171875 0.0171875
0 0.27578125 0.8625 0.0171875 0.015625
0 0.26015625 0.8640625 0.0171875 0.0171875
0 0.659375 0.7015625 0.0140625 0.015625
0 0.64609375 0.70234375 0.0109375 0.0140625
0 0.63828125 0.70078125 0.00625 0.00625
0 0.62890625 0.70078125 0.015625 0.01875
0 0.6171875 0.69921875 0.015625 0.0171875
0 0.609375 0.6984375 0.0046875 0.00625
0 0.6015625 0.6984375 0.0125 0.015625
0 0.5890625 0.6984375 0.0125 0.0140625
0 0.578125 0.69765625 0.015625 0.015625
0 0.565625 0.69609375 0.015625 0.0171875
0 0.309375 0.09375 0.0171875 0.0234375
0 0.290625 0.09296875 0.0171875 0.021875
0 0.2734375 0.090625 0.0171875 0.0171875
0 0.44765625 0.596875 0.0234375 0.0203125