0 0.528125 0.1140625 0.0171875 0.0171875
0 0.5453125 0.1125 0.0171875 0.01875
0 0.5578125 0.109375 0.0203125 0.01875
0 0.57265625 0.1078125 0.0171875 0.0171875
0 0.58828125 0.10546875 0.0140625 0.0171875
0 0.6 0.103125 0.01875 0.015625
0 0.61484375 0.103125 0.0109375 0.01875
0 0.6296875 0.1015625 0.0171875 0.0171875
0 0.64375 0.0984375 0.0171875 0.015625
0 0.659375 0.09453125 0.0171875 0.0171875
0 0.30234375 0.3359375 0.0140625 0.015625
0 0.31484375 0.3328125 0.0109375 0.015625
0 0.3234375 0.33203125 0.0078125 0.0078125
0 0.33203125 0.33046875 0.015625 0.01875
0 0.34453125 0.3296875 0.015625 0.0171875
0 0.35234375 0.328125 0.00625 0.00625
0 0.359375 0.32734375 0.0125 0.0171875
0 0.371875 0.325 0.0125 0.015625
0 0.3828125 0.3234375 0.015625 0.015625
0 0.3953125 0.32109375 0.015625 0.0171875
0 0.77109375 0.8578125 0.01875 0.0234375
0 0.78984375 0.8546875 0.01875 0.021875
0 0.80703125 0.853125 0.0171875 0.0171875
0 0.53125 0.39453125 0.025 0.021875