0 0.29609375 0.2109375 0.0171875 0.015625
0 0.29921875 0.22421875 0.0171875 0.0171875
0 0.29921875 0.23984375 0.015625 0.015625
0 0.2984375 0.25 0.0109375 0.0078125
0 0.3 0.26015625 0.0140625 0.015625
0 0.30078125 0.275 0.0140625 0.015625
0 0.30078125 0.29375 0.0140625 0.0171875
0 0.3015625 0.309375 0.0109375 0.0140625
0 0.30234375 0.32421875 0.0125 0.0125
0 0.30390625 0.33671875 0.0140625 0.015625
0 0.30390625 0.35234375 0.0125 0.0125
0 0.32109375 0.715625 0.025 0.1375
0 0.3578125 0.69765625 0.0140625 0.0140625
0 0.3578125 0.71015625 0.015625 0.015625
0 0.66484375 0.55546875 0.0140625 0.009375
0 0.7109375 0.553125 0.015625 0.0109375
0 0.7046875 0.465625 0.0125 0.009375
0 0.7375 0.465625 0.0125 0.0125
0 0.740625 0.5546875 0.0125 0.009375
0 0.675 0.74140625 0.0125 0.0125
0 0.721875 0.75078125 0.0109375 0.009375
0 0.753125 0.7359375 0.0125 0.0078125
0 0.753125 0.7484375 0.0125 0.0140625
0 0.7828125 0.74296875 0.0140625 0.009375
0 0.815625 0.74453125 0.0140625 0.009375
0 0.82578125 0.35703125 0.009375 0.0109375
0 0.825 0.34375 0.0125 0.0125