0 0.82265625 0.35546875 0.015625 0.01875
0 0.809375 0.35546875 0.0171875 0.0171875
0 0.79375 0.35234375 0.0171875 0.015625
0 0.78359375 0.35 0.009375 0.0125
0 0.7734375 0.34921875 0.0171875 0.0140625
0 0.75859375 0.346875 0.0171875 0.0140625
0 0.740625 0.34375 0.01875 0.0140625
0 0.725 0.34140625 0.015625 0.0125
0 0.71015625 0.3390625 0.0140625 0.0140625
0 0.69765625 0.33828125 0.0171875 0.0140625
0 0.6828125 0.33515625 0.0140625 0.0140625
0 0.321875 0.28359375 0.1390625 0.0359375
0 0.33359375 0.32265625 0.015625 0.015625
0 0.32109375 0.3203125 0.015625 0.0171875
0 0.4140625 0.6515625 0.0109375 0.015625
0 0.4078125 0.696875 0.0109375 0.0171875
0 0.49453125 0.7078125 0.0109375 0.0140625
0 0.48828125 0.73984375 0.0140625 0.0140625
0 0.40078125 0.72578125 0.0109375 0.0140625
0 0.2296875 0.62578125 0.0140625 0.0140625
0 0.21171875 0.6703125 0.0109375 0.0125
0 0.21953125 0.70390625 0.009375 0.0140625
0 0.2078125 0.70078125 0.015625 0.0140625
0 0.20703125 0.73125 0.0109375 0.015625
0 0.19921875 0.76328125 0.0109375 0.015625
0 0.578125 0.846875 0.0125 0.0109375
0 0.59140625 0.84921875 0.0140625 0.0140625