0 0.18515625 0.66171875 0.015625 0.01875
0 0.19921875 0.66015625 0.0171875 0.0171875
0 0.2140625 0.6625 0.0171875 0.015625
0 0.22421875 0.66484375 0.009375 0.0109375
0 0.234375 0.66484375 0.0171875 0.0140625
0 0.24921875 0.66640625 0.0171875 0.0140625
0 0.26796875 0.66875 0.01875 0.0140625
0 0.28359375 0.6703125 0.015625 0.0125
0 0.2984375 0.67109375 0.0140625 0.0140625
0 0.3109375 0.671875 0.0171875 0.0140625
0 0.3265625 0.6734375 0.0140625 0.0140625
0 0.6890625 0.70703125 0.1390625 0.0296875
0 0.67578125 0.66796875 0.015625 0.015625
0 0.68828125 0.6703125 0.015625 0.0171875
0 0.578125 0.34453125 0.0109375 0.0140625
0 0.58203125 0.2984375 0.0109375 0.015625
0 0.49453125 0.2921875 0.0109375 0.0125
0 0.49921875 0.26015625 0.0140625 0.0140625
0 0.5875 0.26953125 0.0109375 0.0125
0 0.76328125 0.36015625 0.0140625 0.0140625
0 0.77890625 0.31484375 0.0109375 0.0109375
0 0.76953125 0.28203125 0.009375 0.0125
0 0.78125 0.28359375 0.015625 0.0140625
0 0.78046875 0.25390625 0.0109375 0.0140625
0 0.7859375 0.221875 0.0109375 0.0140625
0 0.40390625 0.1578125 0.0109375 0.0109375
0 0.390625 0.15625 0.0140625 0.0140625