0 0.65625 0.8171875 0.0171875 0.0171875
0 0.6546875 0.80390625 0.01875 0.01875
0 0.6578125 0.78828125 0.015625 0.0171875
0 0.66015625 0.778125 0.0125 0.009375
0 0.66015625 0.76796875 0.0140625 0.0171875
0 0.66171875 0.753125 0.015625 0.0171875
0 0.66484375 0.73515625 0.0140625 0.0171875
0 0.66640625 0.71953125 0.0140625 0.015625
0 0.66796875 0.7046875 0.0140625 0.0140625
0 0.66796875 0.6921875 0.015625 0.0171875
0 0.67109375 0.6765625 0.0140625 0.0140625
0 0.71015625 0.31484375 0.03125 0.1390625
0 0.67109375 0.32734375 0.0171875 0.015625
0 0.6734375 0.31484375 0.0171875 0.015625
0 0.34609375 0.41953125 0.015625 0.0125
0 0.3 0.41484375 0.015625 0.009375
0 0.2921875 0.5015625 0.0140625 0.0125
0 0.26015625 0.496875 0.0140625 0.015625
0 0.27109375 0.40859375 0.0140625 0.0109375
0 0.36484375 0.234375 0.0140625 0.0140625
0 0.31953125 0.21796875 0.0125 0.0109375
0 0.28671875 0.22734375 0.0125 0.009375
0 0.2890625 0.21484375 0.0140625 0.015625
0 0.25859375 0.215625 0.015625 0.0109375
0 0.2265625 0.20859375 0.0140625 0.0109375
0 0.15625 0.590625 0.0125 0.0125
0 0.1546875 0.603125 0.0140625 0.015625