0 0.20078125 0.31171875 0.015625 0.015625
0 0.2140625 0.3140625 0.0171875 0.0171875
0 0.2296875 0.31328125 0.015625 0.0140625
0 0.23984375 0.31171875 0.0078125 0.0125
0 0.25 0.3125 0.015625 0.0125
0 0.26484375 0.3125 0.015625 0.0140625
0 0.28359375 0.31171875 0.015625 0.0125
0 0.29921875 0.31171875 0.0140625 0.0125
0 0.3140625 0.31171875 0.0125 0.0125
0 0.3265625 0.3125 0.015625 0.0140625
0 0.3421875 0.31171875 0.0125 0.0125
0 0.70625 0.31015625 0.1375 0.0171875
0 0.68984375 0.34765625 0.0140625 0.015625
0 0.70234375 0.346875 0.0140625 0.015625
0 0.5640625 0.66171875 0.0109375 0.0140625
0 0.5640625 0.7078125 0.0078125 0.015625
0 0.4765625 0.70625 0.0109375 0.0125
0 0.478125 0.7390625 0.0140625 0.0125
0 0.5671875 0.7375 0.009375 0.0125
0 0.75 0.6625 0.0125 0.0125
0 0.76171875 0.70859375 0.009375 0.0109375
0 0.74921875 0.740625 0.0078125 0.0125
0 0.76171875 0.73984375 0.0140625 0.0125
0 0.7578125 0.76953125 0.009375 0.0140625
0 0.7609375 0.80234375 0.009375 0.0125
0 0.37421875 0.8328125 0.0109375 0.0109375
0 0.3609375 0.8328125 0.0140625 0.0125