0 0.78203125 0.28671875 0.0171875 0.0171875
0 0.76875 0.28984375 0.01875 0.01875
0 0.753125 0.290625 0.0171875 0.015625
0 0.74296875 0.28984375 0.009375 0.0125
0 0.7328125 0.29140625 0.0171875 0.0140625
0 0.71796875 0.29296875 0.0171875 0.015625
0 0.69921875 0.29375 0.0171875 0.0140625
0 0.68359375 0.2953125 0.015625 0.0140625
0 0.66875 0.29609375 0.0140625 0.0140625
0 0.65625 0.2984375 0.0171875 0.015625
0 0.640625 0.2984375 0.0140625 0.0140625
0 0.278125 0.32890625 0.1390625 0.0296875
0 0.29765625 0.36484375 0.015625 0.0171875
0 0.28515625 0.36484375 0.015625 0.0171875
0 0.45 0.66640625 0.0125 0.015625
0 0.45390625 0.7125 0.009375 0.015625
0 0.54140625 0.703125 0.0125 0.0140625
0 0.54296875 0.7359375 0.015625 0.0140625
0 0.45390625 0.7421875 0.0109375 0.0125
0 0.26484375 0.68359375 0.0140625 0.0140625
0 0.2578125 0.73046875 0.0109375 0.0109375
0 0.27265625 0.76171875 0.009375 0.0125
0 0.26015625 0.76171875 0.015625 0.0140625
0 0.26640625 0.790625 0.0109375 0.0140625
0 0.26640625 0.82421875 0.0109375 0.0125
0 0.6546875 0.8203125 0.0125 0.0125
0 0.6671875 0.81953125 0.015625 0.0140625