0 0.82265625 0.64453125 0.015625 0.01875
0 0.809375 0.64453125 0.0171875 0.0171875
0 0.79375 0.64765625 0.0171875 0.015625
0 0.78359375 0.65 0.009375 0.0125
0 0.7734375 0.65078125 0.0171875 0.0140625
0 0.75859375 0.653125 0.0171875 0.0140625
0 0.740625 0.65625 0.01875 0.0140625
0 0.725 0.65859375 0.015625 0.0125
0 0.71015625 0.6609375 0.0140625 0.0140625
0 0.69765625 0.66171875 0.0171875 0.0140625
0 0.6828125 0.66484375 0.0140625 0.0140625
0 0.321875 0.71640625 0.1390625 0.0359375
0 0.33359375 0.67734375 0.015625 0.015625
0 0.32109375 0.6796875 0.015625 0.0171875
0 0.4140625 0.3484375 0.0109375 0.015625
0 0.4078125 0.303125 0.0109375 0.0171875
0 0.49453125 0.2921875 0.0109375 0.0140625
0 0.48828125 0.26015625 0.0140625 0.0140625
0 0.40078125 0.27421875 0.0109375 0.0140625
0 0.2296875 0.37421875 0.0140625 0.0140625
0 0.21171875 0.3296875 0.0109375 0.0125
0 0.21953125 0.29609375 0.009375 0.0140625
0 0.2078125 0.29921875 0.015625 0.0140625
0 0.20703125 0.26875 0.0109375 0.015625
0 0.19921875 0.23671875 0.0109375 0.015625
0 0.578125 0.153125 0.0125 0.0109375
0 0.59140625 0.15078125 0.0140625 0.0140625