0 0.68515625 0.3484375 0.00625 0.00625
0 0.67890625 0.3484375 0.0078125 0.0078125
0 0.675 0.346875 0.0078125 0.009375
0 0.66796875 0.34609375 0.00625 0.00625
0 0.66171875 0.346875 0.00625 0.00625
0 0.65859375 0.3453125 0.003125 0.00625
0 0.6546875 0.34453125 0.003125 0.00625
0 0.6515625 0.34375 0.00625 0.00625
0 0.646875 0.34375 0.00625 0.0046875
0 0.6421875 0.34296875 0.00625 0.00625
0 0.63671875 0.3421875 0.003125 0.00625
0 0.6328125 0.3421875 0.00625 0.00625
0 0.628125 0.34140625 0.003125 0.00625
0 0.6234375 0.34140625 0.00625 0.0046875
0 0.615625 0.3421875 0.003125 0.00625
0 0.6109375 0.33984375 0.00625 0.00625
0 0.60625 0.3390625 0.00625 0.00625
0 0.60078125 0.33828125 0.0078125 0.0078125
0 0.59296875 0.33671875 0.00625 0.00625
0 0.5875 0.3375 0.003125 0.00625
0 0.5828125 0.3359375 0.00625 0.0046875
0 0.5796875 0.33515625 0.003125 0.00625
0 0.5765625 0.334375 0.00625 0.009375
0 0.571875 0.334375 0.0078125 0.009375