0 0.34375 0.31875 0.00625 0.00625
0 0.35 0.31953125 0.00625 0.0078125
0 0.3546875 0.31875 0.00625 0.009375
0 0.36171875 0.31875 0.00625 0.00625
0 0.3671875 0.32109375 0.00625 0.00625
0 0.37109375 0.3203125 0.003125 0.00625
0 0.375 0.31953125 0.003125 0.00625
0 0.378125 0.3203125 0.00625 0.00625
0 0.3828125 0.32109375 0.00625 0.0046875
0 0.3875 0.3203125 0.00625 0.00625
0 0.39296875 0.32109375 0.003125 0.00625
0 0.396875 0.321875 0.00625 0.00625
0 0.4015625 0.321875 0.003125 0.00625
0 0.40625 0.321875 0.00625 0.0046875
0 0.4140625 0.32421875 0.003125 0.00625
0 0.41875 0.32265625 0.00625 0.00625
0 0.4234375 0.3234375 0.00625 0.00625
0 0.42890625 0.3234375 0.00625 0.0078125
0 0.43671875 0.32265625 0.00625 0.00625
0 0.4421875 0.325 0.003125 0.00625
0 0.446875 0.32421875 0.00625 0.0046875
0 0.45 0.3234375 0.003125 0.00625
0 0.45390625 0.32421875 0.0046875 0.009375
0 0.45859375 0.32421875 0.00625 0.009375