0 0.334375 0.32734375 0.00625 0.00625
0 0.340625 0.32734375 0.00625 0.0078125
0 0.3453125 0.3265625 0.00625 0.0078125
0 0.35234375 0.3265625 0.00625 0.0078125
0 0.3578125 0.328125 0.00625 0.00625
0 0.36171875 0.32734375 0.003125 0.00625
0 0.365625 0.3265625 0.003125 0.0078125
0 0.36875 0.3265625 0.0046875 0.00625
0 0.3734375 0.32734375 0.00625 0.0046875
0 0.378125 0.3265625 0.0046875 0.0078125
0 0.38359375 0.3265625 0.003125 0.0078125
0 0.3875 0.32734375 0.0046875 0.00625
0 0.3921875 0.32734375 0.003125 0.00625
0 0.396875 0.32734375 0.00625 0.00625
0 0.4046875 0.32890625 0.0046875 0.00625
0 0.409375 0.32734375 0.00625 0.00625
0 0.4140625 0.32734375 0.00625 0.00625
0 0.41953125 0.32734375 0.00625 0.0078125
0 0.42734375 0.3265625 0.00625 0.0078125
0 0.4328125 0.328125 0.0046875 0.00625
0 0.4375 0.32734375 0.0046875 0.00625
0 0.440625 0.3265625 0.0046875 0.0078125
0 0.44453125 0.3265625 0.0046875 0.0078125
0 0.44921875 0.3265625 0.00625 0.0078125