0 0.3109375 0.353125 0.00625 0.00625
0 0.31171875 0.359375 0.0078125 0.0078125
0 0.31171875 0.3640625 0.0078125 0.0078125
0 0.31171875 0.37109375 0.0078125 0.0078125
0 0.3140625 0.3765625 0.00625 0.00625
0 0.3140625 0.38046875 0.00625 0.003125
0 0.31328125 0.384375 0.0078125 0.0046875
0 0.3140625 0.3875 0.00625 0.0046875
0 0.31484375 0.3921875 0.0046875 0.00625
0 0.31484375 0.396875 0.0078125 0.00625
0 0.315625 0.40234375 0.0078125 0.0046875
0 0.31640625 0.40625 0.00625 0.0046875
0 0.3171875 0.4109375 0.00625 0.003125
0 0.3171875 0.415625 0.00625 0.00625
0 0.31953125 0.4234375 0.00625 0.0046875
0 0.31875 0.428125 0.00625 0.00625
0 0.31953125 0.4328125 0.00625 0.00625
0 0.31953125 0.43828125 0.0078125 0.0078125
0 0.31953125 0.44609375 0.0078125 0.0078125
0 0.321875 0.45078125 0.00625 0.0046875
0 0.321875 0.45625 0.00625 0.0046875
0 0.32109375 0.459375 0.0078125 0.00625
0 0.321875 0.46328125 0.0078125 0.00625
0 0.321875 0.46796875 0.0078125 0.0078125