0 0.68515625 0.6515625 0.00625 0.00625
0 0.67890625 0.6515625 0.0078125 0.0078125
0 0.675 0.653125 0.0078125 0.009375
0 0.66796875 0.65390625 0.00625 0.00625
0 0.66171875 0.653125 0.00625 0.00625
0 0.65859375 0.6546875 0.003125 0.00625
0 0.6546875 0.65546875 0.003125 0.00625
0 0.6515625 0.65625 0.00625 0.00625
0 0.646875 0.65625 0.00625 0.0046875
0 0.6421875 0.65703125 0.00625 0.00625
0 0.63671875 0.6578125 0.003125 0.00625
0 0.6328125 0.6578125 0.00625 0.00625
0 0.628125 0.65859375 0.003125 0.00625
0 0.6234375 0.65859375 0.00625 0.0046875
0 0.615625 0.6578125 0.003125 0.00625
0 0.6109375 0.66015625 0.00625 0.00625
0 0.60625 0.6609375 0.00625 0.00625
0 0.60078125 0.66171875 0.0078125 0.0078125
0 0.59296875 0.66328125 0.00625 0.00625
0 0.5875 0.6625 0.003125 0.00625
0 0.5828125 0.6640625 0.00625 0.0046875
0 0.5796875 0.66484375 0.003125 0.00625
0 0.5765625 0.665625 0.00625 0.009375
0 0.571875 0.665625 0.0078125 0.009375