0 0.665625 0.32734375 0.00625 0.00625
0 0.659375 0.32734375 0.00625 0.0078125
0 0.6546875 0.3265625 0.00625 0.009375
0 0.64765625 0.3265625 0.00625 0.00625
0 0.6421875 0.328125 0.00625 0.00625
0 0.63828125 0.32734375 0.003125 0.00625
0 0.634375 0.3265625 0.003125 0.00625
0 0.63125 0.3265625 0.00625 0.00625
0 0.6265625 0.32734375 0.00625 0.0046875
0 0.621875 0.3265625 0.00625 0.00625
0 0.61640625 0.3265625 0.003125 0.00625
0 0.6125 0.32734375 0.00625 0.00625
0 0.6078125 0.32734375 0.003125 0.00625
0 0.603125 0.32734375 0.00625 0.0046875
0 0.5953125 0.32890625 0.003125 0.00625
0 0.590625 0.32734375 0.00625 0.00625
0 0.5859375 0.32734375 0.00625 0.00625
0 0.58046875 0.32734375 0.00625 0.0078125
0 0.57265625 0.3265625 0.00625 0.00625
0 0.5671875 0.328125 0.003125 0.00625
0 0.5625 0.32734375 0.00625 0.0046875
0 0.559375 0.3265625 0.003125 0.00625
0 0.55546875 0.3265625 0.0046875 0.009375
0 0.55078125 0.3265625 0.00625 0.009375