0 0.66640625 0.671875 0.00625 0.00625
0 0.6671875 0.665625 0.0078125 0.00625
0 0.66796875 0.6609375 0.0078125 0.00625
0 0.66796875 0.65390625 0.0078125 0.00625
0 0.6671875 0.6484375 0.00625 0.00625
0 0.66796875 0.64453125 0.00625 0.003125
0 0.66875 0.640625 0.0078125 0.003125
0 0.66875 0.6375 0.00625 0.0046875
0 0.66796875 0.6328125 0.0046875 0.00625
0 0.66875 0.628125 0.0078125 0.0046875
0 0.66953125 0.62265625 0.0078125 0.003125
0 0.66875 0.61875 0.00625 0.0046875
0 0.66875 0.6140625 0.00625 0.003125
0 0.66875 0.609375 0.00625 0.00625
0 0.66796875 0.6015625 0.00625 0.0046875
0 0.66953125 0.596875 0.00625 0.00625
0 0.66953125 0.5921875 0.00625 0.00625
0 0.66953125 0.58671875 0.0078125 0.00625
0 0.67109375 0.57890625 0.0078125 0.00625
0 0.66953125 0.5734375 0.00625 0.0046875
0 0.6703125 0.56875 0.00625 0.0046875
0 0.67109375 0.565625 0.0078125 0.0046875
0 0.67109375 0.56171875 0.0078125 0.0046875
0 0.671875 0.55703125 0.0078125 0.00625