0 0.32890625 0.4140625 0.0109375 0.0125
0 0.33828125 0.4140625 0.009375 0.0109375
0 0.32734375 0.42890625 0.0078125 0.0109375
0 0.33671875 0.42890625 0.009375 0.0109375
0 0.34609375 0.42734375 0.0109375 0.0109375
0 0.32734375 0.44453125 0.0078125 0.0109375
0 0.3375 0.44375 0.009375 0.0109375
0 0.346875 0.44375 0.009375 0.0109375
0 0.32890625 0.48046875 0.0109375 0.0109375
0 0.33828125 0.48046875 0.009375 0.009375
0 0.34765625 0.47890625 0.0109375 0.0109375
0 0.32890625 0.53046875 0.0078125 0.0109375
0 0.3390625 0.52890625 0.0078125 0.0078125
0 0.34765625 0.528125 0.0078125 0.009375
0 0.73203125 0.41328125 0.0125 0.0109375
0 0.740625 0.4140625 0.0109375 0.009375
0 0.75 0.41328125 0.009375 0.009375
0 0.73125 0.4328125 0.009375 0.0109375
0 0.73984375 0.43359375 0.009375 0.0109375
0 0.75 0.43203125 0.0109375 0.0109375
0 0.7328125 0.46875 0.009375 0.0109375
0 0.740625 0.46796875 0.0078125 0.009375
0 0.75078125 0.4671875 0.0109375 0.009375
0 0.7359375 0.51875 0.009375 0.009375
0 0.74453125 0.51875 0.009375 0.0078125
0 0.75390625 0.51796875 0.00625 0.009375
0 0.64609375 0.55625 0.009375 0.0109375
0 0.64765625 0.6484375 0.0109375 0.0109375