0 0.609375 0.65703125 0.0140625 0.0125
0 0.6078125 0.6484375 0.0125 0.0109375
0 0.59453125 0.6609375 0.0125 0.009375
0 0.59375 0.6515625 0.0125 0.0109375
0 0.59296875 0.6421875 0.0125 0.0125
0 0.57890625 0.66328125 0.0125 0.009375
0 0.57890625 0.653125 0.0125 0.0109375
0 0.5765625 0.64375 0.0125 0.0109375
0 0.54296875 0.6671875 0.0125 0.0125
0 0.5421875 0.6578125 0.0109375 0.0109375
0 0.5421875 0.6484375 0.0125 0.0125
0 0.49375 0.67421875 0.0125 0.009375
0 0.49375 0.66328125 0.009375 0.009375
0 0.49296875 0.65546875 0.0109375 0.009375
0 0.55390625 0.2578125 0.0125 0.0140625
0 0.5515625 0.25 0.0109375 0.0125
0 0.55078125 0.240625 0.0109375 0.0109375
0 0.534375 0.26171875 0.0125 0.0109375
0 0.5328125 0.25390625 0.0125 0.0109375
0 0.53203125 0.24375 0.0125 0.0125
0 0.4984375 0.26484375 0.0125 0.0109375
0 0.4984375 0.25703125 0.0109375 0.009375
0 0.496875 0.246875 0.0109375 0.0125
0 0.4484375 0.26875 0.0109375 0.0109375
0 0.44765625 0.26015625 0.009375 0.0109375
0 0.446875 0.25078125 0.009375 0.0078125
0 0.42421875 0.36328125 0.0125 0.0109375
0 0.3328125 0.37421875 0.0125 0.0125