0 0.33046875 0.4109375 0.0109375 0.0125
0 0.33984375 0.4109375 0.009375 0.0109375
0 0.32890625 0.42578125 0.0078125 0.0109375
0 0.33828125 0.42578125 0.009375 0.0109375
0 0.34765625 0.425 0.0109375 0.0109375
0 0.328125 0.44140625 0.0078125 0.0109375
0 0.33828125 0.440625 0.009375 0.0109375
0 0.34765625 0.44140625 0.009375 0.0109375
0 0.32890625 0.47734375 0.0109375 0.0109375
0 0.33828125 0.47734375 0.009375 0.009375
0 0.34765625 0.4765625 0.0109375 0.0109375
0 0.328125 0.52734375 0.0078125 0.0109375
0 0.33828125 0.52578125 0.0078125 0.0078125
0 0.346875 0.52578125 0.0078125 0.009375
0 0.73359375 0.4171875 0.0125 0.0109375
0 0.7421875 0.41796875 0.0109375 0.009375
0 0.7515625 0.41796875 0.009375 0.009375
0 0.73203125 0.43671875 0.009375 0.0109375
0 0.740625 0.4375 0.009375 0.0109375
0 0.75078125 0.43671875 0.0109375 0.0109375
0 0.73359375 0.47265625 0.009375 0.0109375
0 0.74140625 0.471875 0.0078125 0.009375
0 0.7515625 0.471875 0.0109375 0.009375
0 0.7359375 0.52265625 0.009375 0.009375
0 0.74453125 0.52265625 0.009375 0.0078125
0 0.75390625 0.52265625 0.00625 0.009375
0 0.6453125 0.55859375 0.009375 0.0109375
0 0.6453125 0.65078125 0.0109375 0.0109375