0 0.4203125 0.67421875 0.0125 0.0109375
0 0.41953125 0.66484375 0.009375 0.0078125
0 0.43515625 0.675 0.0109375 0.0078125
0 0.434375 0.665625 0.0109375 0.009375
0 0.4328125 0.65625 0.0125 0.0109375
0 0.45078125 0.675 0.0109375 0.00625
0 0.44921875 0.66484375 0.0125 0.009375
0 0.44921875 0.65546875 0.0109375 0.0078125
0 0.48671875 0.671875 0.0109375 0.0109375
0 0.4859375 0.6625 0.0078125 0.009375
0 0.484375 0.653125 0.009375 0.0109375
0 0.5359375 0.6703125 0.0109375 0.00625
0 0.534375 0.66015625 0.0078125 0.0078125
0 0.53359375 0.6515625 0.009375 0.00625
0 0.4046875 0.27109375 0.009375 0.0109375
0 0.40546875 0.2625 0.009375 0.009375
0 0.4046875 0.253125 0.009375 0.009375
0 0.425 0.271875 0.0109375 0.0078125
0 0.425 0.26328125 0.009375 0.009375
0 0.4234375 0.253125 0.0109375 0.0109375
0 0.46015625 0.26796875 0.0109375 0.009375
0 0.459375 0.26015625 0.009375 0.0078125
0 0.45859375 0.25 0.009375 0.009375
0 0.51015625 0.26328125 0.009375 0.009375
0 0.51015625 0.2546875 0.0078125 0.009375
0 0.509375 0.2453125 0.009375 0.00625
0 0.55078125 0.3515625 0.0109375 0.009375
0 0.64296875 0.346875 0.0109375 0.009375