0 0.32890625 0.5859375 0.0109375 0.0125
0 0.33828125 0.5859375 0.0078125 0.009375
0 0.32734375 0.57109375 0.0078125 0.0109375
0 0.33671875 0.57109375 0.009375 0.0109375
0 0.34609375 0.57265625 0.0109375 0.0125
0 0.32734375 0.55546875 0.00625 0.0109375
0 0.3375 0.55625 0.009375 0.0125
0 0.346875 0.55625 0.0078125 0.0109375
0 0.32890625 0.51953125 0.0109375 0.0109375
0 0.33828125 0.51953125 0.009375 0.0078125
0 0.34765625 0.52109375 0.0109375 0.009375
0 0.32890625 0.46953125 0.00625 0.0109375
0 0.3390625 0.47109375 0.0078125 0.0078125
0 0.34765625 0.471875 0.00625 0.009375
0 0.73203125 0.58671875 0.0109375 0.009375
0 0.740625 0.5859375 0.009375 0.009375
0 0.75 0.58671875 0.009375 0.009375
0 0.73125 0.5671875 0.0078125 0.0109375
0 0.73984375 0.56640625 0.009375 0.009375
0 0.75 0.56796875 0.0109375 0.0109375
0 0.7328125 0.53125 0.009375 0.0109375
0 0.740625 0.53203125 0.0078125 0.009375
0 0.75078125 0.5328125 0.009375 0.009375
0 0.7359375 0.48125 0.009375 0.009375
0 0.74453125 0.48125 0.009375 0.0078125
0 0.75390625 0.48203125 0.00625 0.009375
0 0.64609375 0.44375 0.009375 0.0109375
0 0.64765625 0.3515625 0.009375 0.0109375