0 0.66953125 0.4109375 0.0109375 0.0125
0 0.66015625 0.4109375 0.0078125 0.009375
0 0.67109375 0.42578125 0.0078125 0.0109375
0 0.66171875 0.42578125 0.009375 0.0109375
0 0.65234375 0.425 0.0109375 0.0125
0 0.671875 0.44140625 0.00625 0.0109375
0 0.66171875 0.440625 0.009375 0.0125
0 0.65234375 0.44140625 0.0078125 0.0109375
0 0.67109375 0.47734375 0.0109375 0.0109375
0 0.66171875 0.47734375 0.009375 0.0078125
0 0.65234375 0.4765625 0.0109375 0.009375
0 0.671875 0.52734375 0.00625 0.0109375
0 0.66171875 0.52578125 0.0078125 0.0078125
0 0.653125 0.52578125 0.00625 0.009375
0 0.26640625 0.4171875 0.0109375 0.009375
0 0.2578125 0.41796875 0.009375 0.009375
0 0.2484375 0.41796875 0.009375 0.009375
0 0.26796875 0.43671875 0.0078125 0.0109375
0 0.259375 0.4375 0.009375 0.009375
0 0.24921875 0.43671875 0.0109375 0.0109375
0 0.26640625 0.47265625 0.009375 0.0109375
0 0.25859375 0.471875 0.0078125 0.009375
0 0.2484375 0.471875 0.009375 0.009375
0 0.2640625 0.52265625 0.009375 0.009375
0 0.25546875 0.52265625 0.009375 0.0078125
0 0.24609375 0.52265625 0.00625 0.009375
0 0.3546875 0.55859375 0.009375 0.0109375
0 0.3546875 0.65078125 0.009375 0.0109375