0 0.340625 0.60625 0.0125 0.0140625
0 0.35 0.60546875 0.009375 0.009375
0 0.3375 0.59140625 0.009375 0.0109375
0 0.346875 0.590625 0.0109375 0.0125
0 0.35625 0.590625 0.0125 0.0140625
0 0.33515625 0.5765625 0.0078125 0.0109375
0 0.3453125 0.57578125 0.0109375 0.0140625
0 0.3546875 0.57421875 0.009375 0.0109375
0 0.33203125 0.540625 0.0125 0.0125
0 0.34140625 0.5390625 0.009375 0.009375
0 0.35078125 0.5390625 0.0125 0.0109375
0 0.3265625 0.490625 0.0078125 0.0109375
0 0.33671875 0.49140625 0.0078125 0.0078125
0 0.3453125 0.490625 0.0078125 0.009375
0 0.740625 0.5578125 0.0125 0.0109375
0 0.74921875 0.55625 0.0109375 0.0109375
0 0.75859375 0.55546875 0.0109375 0.0109375
0 0.7375 0.5390625 0.009375 0.0109375
0 0.74609375 0.53671875 0.0109375 0.0109375
0 0.75625 0.53671875 0.0125 0.0125
0 0.73515625 0.503125 0.0109375 0.0125
0 0.74296875 0.503125 0.009375 0.009375
0 0.753125 0.5015625 0.0109375 0.0109375
0 0.73203125 0.453125 0.0109375 0.0109375
0 0.740625 0.4515625 0.009375 0.009375
0 0.75 0.45078125 0.0078125 0.009375
0 0.63828125 0.4265625 0.0109375 0.0125
0 0.62890625 0.33515625 0.0109375 0.0125