0 0.43203125 0.32109375 0.0140625 0.0125
0 0.43125 0.33046875 0.0109375 0.009375
0 0.446875 0.32109375 0.0125 0.009375
0 0.44609375 0.33046875 0.0125 0.0109375
0 0.44375 0.33984375 0.0140625 0.0125
0 0.4625 0.321875 0.0109375 0.0078125
0 0.4609375 0.33203125 0.0140625 0.0109375
0 0.46015625 0.34140625 0.0125 0.009375
0 0.4984375 0.32734375 0.0125 0.0125
0 0.496875 0.33671875 0.009375 0.0109375
0 0.4953125 0.34609375 0.0109375 0.0125
0 0.5484375 0.3328125 0.0109375 0.0078125
0 0.5453125 0.34296875 0.009375 0.009375
0 0.54453125 0.35078125 0.009375 0.0078125
0 0.3890625 0.721875 0.0109375 0.0125
0 0.3890625 0.73046875 0.0109375 0.0109375
0 0.38828125 0.73984375 0.0109375 0.0109375
0 0.40859375 0.72265625 0.0125 0.009375
0 0.40859375 0.73125 0.0109375 0.0109375
0 0.40625 0.74140625 0.0125 0.0125
0 0.44453125 0.72890625 0.0125 0.0109375
0 0.44296875 0.7359375 0.0109375 0.009375
0 0.44140625 0.74609375 0.0109375 0.0109375
0 0.49375 0.73671875 0.0109375 0.0109375
0 0.49296875 0.7453125 0.009375 0.0109375
0 0.49140625 0.7546875 0.009375 0.0078125
0 0.540625 0.6515625 0.0125 0.0109375
0 0.63203125 0.6625 0.0125 0.0109375