0 0.87890625 0.92109375 0.0125 0.0140625
0 0.88046875 0.9078125 0.0109375 0.009375
0 0.88203125 0.89765625 0.009375 0.0109375
0 0.8828125 0.88984375 0.009375 0.0109375
0 0.884375 0.8796875 0.0140625 0.0109375
0 0.88515625 0.8609375 0.0140625 0.0171875
0 0.8875 0.84765625 0.0125 0.0125
0 0.88671875 0.8375 0.0140625 0.0109375
0 0.890625 0.828125 0.0125 0.0109375
0 0.89140625 0.81953125 0.0125 0.0140625
0 0.83671875 0.50390625 0.0140625 0.0140625
0 0.83671875 0.4921875 0.009375 0.009375
0 0.83828125 0.4828125 0.009375 0.0125
0 0.83984375 0.4734375 0.0109375 0.009375
0 0.840625 0.46640625 0.009375 0.0109375
0 0.84140625 0.45703125 0.009375 0.0109375
0 0.84375 0.44921875 0.0125 0.0109375
0 0.84765625 0.41640625 0.0125 0.0109375
0 0.8484375 0.40546875 0.0109375 0.0109375
0 0.84921875 0.3984375 0.009375 0.0078125
0 0.8515625 0.38984375 0.0125 0.0109375
0 0.8515625 0.3796875 0.0109375 0.0109375
0 0.853125 0.36875 0.0109375 0.0109375
0 0.85390625 0.359375 0.0109375 0.0109375
0 0.85625 0.3484375 0.0125 0.0109375
0 0.2703125 0.90390625 0.0125 0.0109375
0 0.271875 0.896875 0.0140625 0.0109375
0 0.2703125 0.88828125 0.0078125 0.0078125
0 0.2734375 0.88125 0.0140625 0.0109375
0 0.275 0.87265625 0.0140625 0.009375
0 0.27265625 0.86484375 0.003125 0.00625
0 0.27578125 0.85703125 0.0125 0.0109375
0 0.2765625 0.84921875 0.0109375 0.0109375
0 0.27890625 0.8421875 0.0140625 0.0109375
0 0.2796875 0.83515625 0.0109375 0.0109375
0 0.67421875 0.28671875 0.0140625 0.0140625
0 0.6765625 0.2671875 0.0140625 0.0125
0 0.6796875 0.2296875 0.0203125 0.0171875
0 0.68671875 0.19765625 0.0203125 0.01875