0 0.10625 0.09296875 0.0140625 0.0109375
0 0.11953125 0.0921875 0.009375 0.009375
0 0.1296875 0.09140625 0.009375 0.0078125
0 0.1375 0.09140625 0.009375 0.009375
0 0.1484375 0.08984375 0.009375 0.0109375
0 0.1671875 0.090625 0.015625 0.015625
0 0.18046875 0.0890625 0.0125 0.0109375
0 0.190625 0.090625 0.009375 0.0140625
0 0.2 0.0875 0.009375 0.0109375
0 0.20859375 0.0875 0.0125 0.0109375
0 0.5203125 0.1640625 0.0125 0.0109375
0 0.53203125 0.1640625 0.009375 0.009375
0 0.54140625 0.1640625 0.0109375 0.009375
0 0.55 0.1625 0.0078125 0.009375
0 0.5578125 0.16328125 0.0109375 0.0078125
0 0.5671875 0.1625 0.009375 0.0078125
0 0.57421875 0.16015625 0.0109375 0.0109375
0 0.60703125 0.15859375 0.0109375 0.009375
0 0.61796875 0.15859375 0.009375 0.009375
0 0.62578125 0.15859375 0.0078125 0.009375
0 0.634375 0.15703125 0.009375 0.0125
0 0.64453125 0.1578125 0.009375 0.009375
0 0.65546875 0.15703125 0.009375 0.009375
0 0.66484375 0.15625 0.0109375 0.009375
0 0.67578125 0.15546875 0.009375 0.009375
0 0.08125 0.70078125 0.009375 0.0109375
0 0.08828125 0.7 0.009375 0.0125
0 0.096875 0.7015625 0.00625 0.00625
0 0.10390625 0.69921875 0.0109375 0.0109375
0 0.1125 0.6984375 0.009375 0.0125
0 0.1203125 0.7015625 0.00625 0.003125
0 0.128125 0.6984375 0.009375 0.0109375
0 0.13671875 0.6984375 0.0078125 0.009375
0 0.14375 0.696875 0.009375 0.0109375
0 0.15078125 0.696875 0.009375 0.009375
0 0.725 0.34140625 0.0125 0.0140625
0 0.74453125 0.33984375 0.0109375 0.0140625
0 0.78203125 0.33984375 0.0171875 0.0203125
0 0.8140625 0.33515625 0.01875 0.0203125