0 0.87890625 0.07890625 0.0125 0.0140625
0 0.88046875 0.0921875 0.0109375 0.009375
0 0.88203125 0.10234375 0.009375 0.0109375
0 0.8828125 0.11015625 0.009375 0.0109375
0 0.884375 0.1203125 0.0140625 0.0109375
0 0.88515625 0.1390625 0.0140625 0.0171875
0 0.8875 0.15234375 0.0125 0.0125
0 0.88671875 0.1625 0.0140625 0.0109375
0 0.890625 0.171875 0.0125 0.0109375
0 0.89140625 0.18046875 0.0125 0.0140625
0 0.83671875 0.49609375 0.0140625 0.0140625
0 0.83671875 0.5078125 0.009375 0.009375
0 0.83828125 0.5171875 0.009375 0.0125
0 0.83984375 0.5265625 0.0109375 0.009375
0 0.840625 0.53359375 0.009375 0.0109375
0 0.84140625 0.54296875 0.009375 0.0109375
0 0.84375 0.55078125 0.0125 0.0109375
0 0.84765625 0.58359375 0.0125 0.0109375
0 0.8484375 0.59453125 0.0109375 0.0109375
0 0.84921875 0.6015625 0.009375 0.0078125
0 0.8515625 0.61015625 0.0125 0.0109375
0 0.8515625 0.6203125 0.0109375 0.0109375
0 0.853125 0.63125 0.0109375 0.0109375
0 0.85390625 0.640625 0.0109375 0.0109375
0 0.85625 0.6515625 0.0125 0.0109375
0 0.2703125 0.09609375 0.0125 0.0109375
0 0.271875 0.103125 0.0140625 0.0109375
0 0.2703125 0.11171875 0.0078125 0.0078125
0 0.2734375 0.11875 0.0140625 0.0109375
0 0.275 0.12734375 0.0140625 0.009375
0 0.27265625 0.13515625 0.003125 0.00625
0 0.27578125 0.14296875 0.0125 0.0109375
0 0.2765625 0.15078125 0.0109375 0.0109375
0 0.27890625 0.1578125 0.0140625 0.0109375
0 0.2796875 0.16484375 0.0109375 0.0109375
0 0.67421875 0.71328125 0.0140625 0.0140625
0 0.6765625 0.7328125 0.0140625 0.0125
0 0.6796875 0.7703125 0.0203125 0.0171875
0 0.68671875 0.80234375 0.0203125 0.01875