0 0.871875 0.92734375 0.0125 0.0109375
0 0.85859375 0.92734375 0.0078125 0.009375
0 0.8484375 0.92734375 0.009375 0.0078125
0 0.840625 0.92734375 0.009375 0.0078125
0 0.8296875 0.928125 0.009375 0.0125
0 0.8109375 0.9265625 0.015625 0.0125
0 0.79765625 0.92734375 0.0109375 0.0109375
0 0.7875 0.925 0.009375 0.0125
0 0.778125 0.92734375 0.009375 0.0109375
0 0.76953125 0.92734375 0.0125 0.0109375
0 0.4625 0.834375 0.0125 0.0125
0 0.45078125 0.83359375 0.0078125 0.0078125
0 0.44140625 0.83359375 0.0109375 0.0078125
0 0.43203125 0.834375 0.0078125 0.009375
0 0.425 0.83359375 0.009375 0.0078125
0 0.415625 0.83359375 0.009375 0.0078125
0 0.4078125 0.83515625 0.009375 0.0109375
0 0.375 0.83515625 0.009375 0.0109375
0 0.3640625 0.834375 0.009375 0.009375
0 0.35625 0.834375 0.00625 0.009375
0 0.34765625 0.83515625 0.009375 0.0109375
0 0.3375 0.834375 0.009375 0.009375
0 0.3265625 0.834375 0.009375 0.009375
0 0.3171875 0.834375 0.009375 0.009375
0 0.30625 0.83515625 0.009375 0.0109375
0 0.92890625 0.32109375 0.009375 0.0109375
0 0.921875 0.321875 0.009375 0.0125
0 0.91328125 0.31953125 0.0078125 0.00625
0 0.90625 0.321875 0.009375 0.0125
0 0.89765625 0.321875 0.0078125 0.0125
0 0.88984375 0.31875 0.00625 0.003125
0 0.88203125 0.32109375 0.009375 0.0109375
0 0.8734375 0.32109375 0.009375 0.009375
0 0.86640625 0.321875 0.009375 0.0125
0 0.859375 0.321875 0.009375 0.009375
0 0.2671875 0.646875 0.0125 0.0125
0 0.24765625 0.646875 0.0109375 0.0125
0 0.21015625 0.6453125 0.015625 0.01875
0 0.17734375 0.6484375 0.0171875 0.01875