0 0.128125 0.07265625 0.0140625 0.0109375
0 0.14140625 0.07265625 0.009375 0.009375
0 0.1515625 0.07265625 0.009375 0.0078125
0 0.159375 0.07265625 0.009375 0.009375
0 0.1703125 0.071875 0.009375 0.0109375
0 0.1890625 0.0734375 0.015625 0.0140625
0 0.20234375 0.07265625 0.0125 0.0109375
0 0.2125 0.075 0.009375 0.0140625
0 0.221875 0.07265625 0.009375 0.0109375
0 0.23046875 0.07265625 0.0125 0.0109375
0 0.5375 0.165625 0.0125 0.0109375
0 0.54921875 0.16640625 0.009375 0.009375
0 0.55859375 0.16640625 0.0109375 0.009375
0 0.56796875 0.165625 0.0078125 0.009375
0 0.575 0.16640625 0.0109375 0.0078125
0 0.584375 0.16640625 0.009375 0.0078125
0 0.5921875 0.16484375 0.0109375 0.0109375
0 0.625 0.16484375 0.0109375 0.009375
0 0.6359375 0.165625 0.009375 0.009375
0 0.64375 0.165625 0.0078125 0.009375
0 0.65234375 0.16484375 0.009375 0.0125
0 0.6625 0.165625 0.009375 0.009375
0 0.6734375 0.165625 0.009375 0.009375
0 0.6828125 0.165625 0.0109375 0.009375
0 0.69375 0.16484375 0.009375 0.009375
0 0.07109375 0.67890625 0.009375 0.0109375
0 0.078125 0.678125 0.009375 0.0125
0 0.08671875 0.68046875 0.00625 0.00625
0 0.09375 0.678125 0.0109375 0.0109375
0 0.10234375 0.678125 0.009375 0.0125
0 0.11015625 0.68125 0.00625 0.003125
0 0.11796875 0.67890625 0.009375 0.0109375
0 0.1265625 0.67890625 0.0078125 0.009375
0 0.13359375 0.678125 0.009375 0.0109375
0 0.140625 0.678125 0.009375 0.009375
0 0.7328125 0.353125 0.0125 0.0140625
0 0.75234375 0.353125 0.0109375 0.0140625
0 0.78984375 0.3546875 0.015625 0.01875
0 0.82265625 0.3515625 0.0171875 0.01875