0 0.08515625 0.1140625 0.0140625 0.0125
0 0.0984375 0.1125 0.009375 0.009375
0 0.10859375 0.11171875 0.009375 0.009375
0 0.11640625 0.1109375 0.009375 0.009375
0 0.12734375 0.10859375 0.0109375 0.0140625
0 0.14609375 0.10859375 0.0171875 0.0140625
0 0.159375 0.10625 0.0125 0.0125
0 0.16953125 0.10703125 0.0109375 0.0140625
0 0.17890625 0.10390625 0.0109375 0.0125
0 0.1875 0.103125 0.0140625 0.0125
0 0.50234375 0.16328125 0.0140625 0.0140625
0 0.5140625 0.16328125 0.0078125 0.0078125
0 0.5234375 0.16171875 0.0109375 0.009375
0 0.5328125 0.16015625 0.009375 0.009375
0 0.53984375 0.16015625 0.009375 0.009375
0 0.54921875 0.159375 0.009375 0.009375
0 0.55703125 0.15703125 0.0109375 0.0125
0 0.5890625 0.15390625 0.0109375 0.0125
0 0.6 0.153125 0.0109375 0.0109375
0 0.6078125 0.15234375 0.0078125 0.009375
0 0.61640625 0.15078125 0.0109375 0.0125
0 0.6265625 0.15078125 0.0109375 0.0109375
0 0.6375 0.14921875 0.0109375 0.0109375
0 0.646875 0.1484375 0.0109375 0.0109375
0 0.6578125 0.14609375 0.0109375 0.0125
0 0.0921875 0.72265625 0.0109375 0.0125
0 0.09921875 0.72109375 0.0109375 0.0140625
0 0.1078125 0.72265625 0.0078125 0.0078125
0 0.11484375 0.71953125 0.0109375 0.0140625
0 0.1234375 0.71875 0.009375 0.0125
0 0.13125 0.72109375 0.00625 0.003125
0 0.1390625 0.71796875 0.0109375 0.0125
0 0.14765625 0.7171875 0.0109375 0.0109375
0 0.15390625 0.715625 0.0109375 0.0140625
0 0.1609375 0.71484375 0.0109375 0.0109375
0 0.71640625 0.3296875 0.0140625 0.0140625
0 0.7359375 0.32734375 0.0125 0.0140625
0 0.7734375 0.325 0.0171875 0.0203125
0 0.80546875 0.31875 0.01875 0.0203125