0 0.1828125 0.03046875 0.015625 0.0125
0 0.19609375 0.03203125 0.0109375 0.0109375
0 0.20625 0.03359375 0.0109375 0.009375
0 0.2140625 0.034375 0.0109375 0.0109375
0 0.225 0.03515625 0.0109375 0.0125
0 0.24375 0.0390625 0.0171875 0.015625
0 0.25703125 0.03984375 0.0140625 0.0125
0 0.26640625 0.04296875 0.0109375 0.015625
0 0.27578125 0.0421875 0.0109375 0.0125
0 0.284375 0.04296875 0.0140625 0.0125
0 0.578125 0.17265625 0.0140625 0.0125
0 0.58984375 0.175 0.0109375 0.0109375
0 0.5984375 0.17578125 0.0125 0.0109375
0 0.60859375 0.1765625 0.009375 0.0109375
0 0.61484375 0.178125 0.0125 0.009375
0 0.62421875 0.17890625 0.0109375 0.009375
0 0.63203125 0.17890625 0.0125 0.0125
0 0.66484375 0.1828125 0.0125 0.0109375
0 0.67578125 0.184375 0.0109375 0.0109375
0 0.68359375 0.1859375 0.009375 0.0109375
0 0.6921875 0.1859375 0.0109375 0.0140625
0 0.70234375 0.18828125 0.0109375 0.0109375
0 0.71328125 0.1890625 0.0109375 0.0109375
0 0.721875 0.190625 0.0125 0.0109375
0 0.7328125 0.190625 0.0109375 0.0109375
0 0.05234375 0.625 0.0109375 0.0125
0 0.059375 0.625 0.0109375 0.0140625
0 0.06796875 0.62890625 0.00625 0.00625
0 0.075 0.62734375 0.0125 0.0125
0 0.08359375 0.628125 0.0109375 0.0140625
0 0.090625 0.63203125 0.00625 0.003125
0 0.09921875 0.63125 0.0109375 0.0125
0 0.1078125 0.63203125 0.009375 0.0109375
0 0.11484375 0.63203125 0.0109375 0.0125
0 0.121875 0.6328125 0.0109375 0.0109375
0 0.74921875 0.3828125 0.0140625 0.015625
0 0.76875 0.38515625 0.0125 0.015625
0 0.80546875 0.39140625 0.0171875 0.0203125
0 0.83828125 0.3921875 0.01875 0.0203125