0 0.8640625 0.06640625 0.0125 0.0109375
0 0.85078125 0.06640625 0.0078125 0.009375
0 0.840625 0.06640625 0.009375 0.0078125
0 0.8328125 0.06640625 0.009375 0.0078125
0 0.821875 0.06640625 0.009375 0.0125
0 0.803125 0.06796875 0.015625 0.0125
0 0.78984375 0.0671875 0.0109375 0.0109375
0 0.7796875 0.0703125 0.009375 0.0125
0 0.7703125 0.06796875 0.009375 0.0109375
0 0.76171875 0.06796875 0.0125 0.0109375
0 0.45703125 0.16640625 0.0125 0.0125
0 0.4453125 0.1671875 0.0078125 0.0078125
0 0.4359375 0.1671875 0.0109375 0.0078125
0 0.4265625 0.1671875 0.0078125 0.009375
0 0.41953125 0.16796875 0.009375 0.0078125
0 0.41015625 0.16796875 0.009375 0.0078125
0 0.40234375 0.16640625 0.009375 0.0109375
0 0.36953125 0.1671875 0.009375 0.0109375
0 0.35859375 0.16796875 0.009375 0.009375
0 0.35078125 0.16796875 0.00625 0.009375
0 0.3421875 0.1671875 0.009375 0.0109375
0 0.33203125 0.16875 0.009375 0.009375
0 0.32109375 0.16875 0.009375 0.009375
0 0.31171875 0.16875 0.009375 0.009375
0 0.30078125 0.16796875 0.009375 0.0109375
0 0.93203125 0.67109375 0.009375 0.0109375
0 0.925 0.67109375 0.009375 0.0125
0 0.91640625 0.6734375 0.0078125 0.00625
0 0.909375 0.67109375 0.009375 0.0125
0 0.90078125 0.67109375 0.0078125 0.0125
0 0.89296875 0.67421875 0.00625 0.003125
0 0.88515625 0.671875 0.009375 0.0109375
0 0.8765625 0.67265625 0.009375 0.009375
0 0.86953125 0.671875 0.009375 0.0125
0 0.8625 0.671875 0.009375 0.009375
0 0.26484375 0.35703125 0.0125 0.0125
0 0.2453125 0.3578125 0.0109375 0.0125
0 0.2078125 0.36015625 0.015625 0.01875
0 0.175 0.35703125 0.0171875 0.01875