0 0.41015625 0.2890625 0.0109375 0.0109375
0 0.41015625 0.2984375 0.0109375 0.009375
0 0.409375 0.30859375 0.0109375 0.0109375
0 0.4109375 0.325 0.0109375 0.009375
0 0.41171875 0.334375 0.0109375 0.0125
0 0.4125 0.34296875 0.0125 0.0109375
0 0.41171875 0.35234375 0.0125 0.009375
0 0.41171875 0.36171875 0.0109375 0.0078125
0 0.4125 0.3796875 0.0109375 0.0109375
0 0.41328125 0.3890625 0.0125 0.0109375
0 0.4125 0.3984375 0.0109375 0.0109375
0 0.41328125 0.40859375 0.0109375 0.0125
0 0.4234375 0.28984375 0.009375 0.0125
0 0.42265625 0.29921875 0.009375 0.009375
0 0.42265625 0.3078125 0.009375 0.0109375
0 0.4234375 0.31640625 0.009375 0.0125
0 0.4234375 0.32578125 0.009375 0.0109375
0 0.4328125 0.76875 0.0109375 0.0078125
0 0.4328125 0.7765625 0.0109375 0.0078125
0 0.43359375 0.7828125 0.0109375 0.0078125
0 0.43359375 0.790625 0.0109375 0.0078125
0 0.43359375 0.7984375 0.009375 0.0109375
0 0.43359375 0.8046875 0.009375 0.0078125
0 0.434375 0.8109375 0.0109375 0.009375
0 0.434375 0.81953125 0.009375 0.009375
0 0.43515625 0.82890625 0.0109375 0.009375
0 0.43515625 0.83671875 0.009375 0.009375
0 0.55234375 0.81640625 0.0125 0.0078125
0 0.55234375 0.82578125 0.0109375 0.009375
0 0.553125 0.834375 0.0125 0.0109375
0 0.55234375 0.8421875 0.0125 0.009375
0 0.55625 0.8484375 0.0046875 0.0046875
0 0.553125 0.8546875 0.009375 0.0078125
0 0.553125 0.86328125 0.009375 0.009375