0 0.7140625 0.5828125 0.009375 0.009375
0 0.7046875 0.5828125 0.009375 0.009375
0 0.69453125 0.58359375 0.0109375 0.0109375
0 0.678125 0.5828125 0.009375 0.009375
0 0.66875 0.5828125 0.0125 0.009375
0 0.66015625 0.58203125 0.0109375 0.0125
0 0.65078125 0.5828125 0.0109375 0.0125
0 0.64140625 0.58359375 0.0078125 0.0109375
0 0.6234375 0.58359375 0.009375 0.0109375
0 0.6140625 0.5828125 0.009375 0.0125
0 0.6046875 0.58359375 0.009375 0.0109375
0 0.59453125 0.58359375 0.0109375 0.0109375
0 0.7125 0.56953125 0.0125 0.0078125
0 0.703125 0.5703125 0.009375 0.009375
0 0.69453125 0.5703125 0.0109375 0.009375
0 0.6859375 0.5703125 0.0125 0.009375
0 0.6765625 0.5703125 0.009375 0.009375
0 0.23359375 0.5765625 0.0078125 0.009375
0 0.22578125 0.5765625 0.0078125 0.009375
0 0.21953125 0.5765625 0.0078125 0.009375
0 0.21171875 0.5765625 0.0078125 0.009375
0 0.20390625 0.5765625 0.0109375 0.009375
0 0.19765625 0.57734375 0.0078125 0.009375
0 0.19140625 0.5765625 0.0078125 0.009375
0 0.1828125 0.5765625 0.009375 0.009375
0 0.1734375 0.5765625 0.009375 0.009375
0 0.165625 0.5765625 0.009375 0.009375
0 0.18203125 0.45859375 0.0078125 0.0109375
0 0.17265625 0.459375 0.009375 0.0125
0 0.1640625 0.45859375 0.009375 0.0109375
0 0.15625 0.459375 0.009375 0.0125
0 0.15 0.45625 0.003125 0.003125
0 0.14375 0.459375 0.00625 0.009375
0 0.13515625 0.459375 0.009375 0.009375