0 0.2828125 0.575 0.009375 0.009375
0 0.2921875 0.57578125 0.009375 0.009375
0 0.30234375 0.5765625 0.0109375 0.0109375
0 0.31875 0.5765625 0.009375 0.009375
0 0.328125 0.5765625 0.0125 0.009375
0 0.33671875 0.5765625 0.0109375 0.0125
0 0.34609375 0.57734375 0.0109375 0.0125
0 0.35546875 0.57890625 0.0078125 0.0109375
0 0.3734375 0.57890625 0.009375 0.0109375
0 0.3828125 0.57890625 0.009375 0.0125
0 0.3921875 0.5796875 0.009375 0.0109375
0 0.40234375 0.58046875 0.0109375 0.0109375
0 0.28515625 0.56171875 0.0125 0.0078125
0 0.29453125 0.56328125 0.009375 0.009375
0 0.303125 0.56328125 0.0109375 0.009375
0 0.31171875 0.5640625 0.0125 0.009375
0 0.32109375 0.5640625 0.009375 0.009375
0 0.76328125 0.5859375 0.0078125 0.009375
0 0.77109375 0.5859375 0.0078125 0.009375
0 0.77734375 0.5859375 0.0078125 0.009375
0 0.78515625 0.58671875 0.0078125 0.009375
0 0.79296875 0.58671875 0.0109375 0.009375
0 0.79921875 0.5875 0.0078125 0.009375
0 0.80546875 0.5875 0.0078125 0.009375
0 0.8140625 0.5875 0.009375 0.009375
0 0.8234375 0.58828125 0.009375 0.009375
0 0.83125 0.58828125 0.009375 0.009375
0 0.81953125 0.46953125 0.0078125 0.0109375
0 0.82890625 0.47109375 0.009375 0.0125
0 0.8375 0.4703125 0.009375 0.0109375
0 0.8453125 0.47109375 0.009375 0.0125
0 0.8515625 0.46875 0.003125 0.003125
0 0.8578125 0.471875 0.00625 0.009375
0 0.86640625 0.471875 0.009375 0.009375