0 0.2859375 0.4171875 0.0109375 0.0109375
0 0.2953125 0.4171875 0.009375 0.0109375
0 0.30546875 0.41640625 0.0109375 0.0109375
0 0.321875 0.4171875 0.009375 0.0109375
0 0.33125 0.4171875 0.0125 0.0109375
0 0.33984375 0.41796875 0.0109375 0.0125
0 0.34921875 0.4171875 0.009375 0.0125
0 0.35859375 0.41640625 0.0078125 0.0109375
0 0.3765625 0.41640625 0.0109375 0.0109375
0 0.3859375 0.4171875 0.0109375 0.0125
0 0.3953125 0.41640625 0.0109375 0.0109375
0 0.40546875 0.41640625 0.0125 0.0109375
0 0.2875 0.43046875 0.0125 0.009375
0 0.296875 0.4296875 0.009375 0.009375
0 0.30546875 0.4296875 0.0109375 0.009375
0 0.3140625 0.4296875 0.0125 0.009375
0 0.3234375 0.4296875 0.0109375 0.009375
0 0.76640625 0.4234375 0.0078125 0.0109375
0 0.77421875 0.4234375 0.0078125 0.0109375
0 0.78046875 0.4234375 0.0078125 0.0109375
0 0.78828125 0.4234375 0.0078125 0.0109375
0 0.79609375 0.4234375 0.0109375 0.009375
0 0.80234375 0.42265625 0.0078125 0.009375
0 0.80859375 0.4234375 0.009375 0.0109375
0 0.8171875 0.4234375 0.009375 0.009375
0 0.8265625 0.4234375 0.009375 0.0109375
0 0.834375 0.4234375 0.009375 0.009375
0 0.81796875 0.54140625 0.0078125 0.0125
0 0.82734375 0.540625 0.009375 0.0109375
0 0.8359375 0.54140625 0.0109375 0.0125
0 0.84375 0.540625 0.009375 0.0125
0 0.85 0.54375 0.0046875 0.0046875
0 0.85625 0.540625 0.0078125 0.009375
0 0.86484375 0.540625 0.009375 0.009375