0 0.7203125 0.5640625 0.0109375 0.0109375
0 0.7109375 0.56484375 0.0109375 0.0109375
0 0.70078125 0.56640625 0.0125 0.0125
0 0.684375 0.5671875 0.0109375 0.0109375
0 0.675 0.56796875 0.0125 0.0109375
0 0.66640625 0.56796875 0.0125 0.0140625
0 0.6578125 0.56953125 0.0125 0.0140625
0 0.6484375 0.57109375 0.009375 0.0109375
0 0.63046875 0.57265625 0.0109375 0.0109375
0 0.62109375 0.57265625 0.0109375 0.0125
0 0.61171875 0.57421875 0.0109375 0.0109375
0 0.6015625 0.575 0.0125 0.0125
0 0.71796875 0.55078125 0.0125 0.009375
0 0.70859375 0.55234375 0.0109375 0.0109375
0 0.7 0.553125 0.0109375 0.0109375
0 0.69140625 0.55390625 0.0125 0.0109375
0 0.68203125 0.5546875 0.0109375 0.0109375
0 0.24140625 0.59921875 0.009375 0.009375
0 0.23359375 0.6 0.009375 0.009375
0 0.22734375 0.60078125 0.009375 0.009375
0 0.21953125 0.6015625 0.009375 0.009375
0 0.21171875 0.60234375 0.0109375 0.0109375
0 0.20546875 0.603125 0.009375 0.009375
0 0.19921875 0.603125 0.009375 0.009375
0 0.190625 0.60390625 0.0109375 0.0109375
0 0.18125 0.6046875 0.0109375 0.0109375
0 0.1734375 0.60546875 0.0109375 0.0109375
0 0.1796875 0.48671875 0.009375 0.0109375
0 0.1703125 0.48828125 0.0109375 0.0125
0 0.16171875 0.48828125 0.0109375 0.0109375
0 0.15390625 0.48984375 0.0109375 0.0125
0 0.14765625 0.48671875 0.003125 0.003125
0 0.14140625 0.490625 0.0078125 0.009375
0 0.1328125 0.49140625 0.0109375 0.0109375