0 0.70390625 0.3953125 0.0125 0.0125
0 0.69453125 0.39609375 0.0109375 0.0125
0 0.684375 0.396875 0.0125 0.0125
0 0.66875 0.39921875 0.0109375 0.0125
0 0.659375 0.4 0.0140625 0.0125
0 0.65078125 0.4015625 0.0125 0.0140625
0 0.64140625 0.4015625 0.0109375 0.0140625
0 0.63203125 0.40234375 0.009375 0.0109375
0 0.6140625 0.40390625 0.0125 0.0125
0 0.6046875 0.40546875 0.0125 0.0140625
0 0.5953125 0.40625 0.0125 0.0125
0 0.58515625 0.40703125 0.0140625 0.0125
0 0.70390625 0.40859375 0.0140625 0.0109375
0 0.69453125 0.40859375 0.0109375 0.0109375
0 0.6859375 0.409375 0.0125 0.0109375
0 0.67734375 0.4109375 0.0140625 0.0109375
0 0.66796875 0.41171875 0.0125 0.0109375
0 0.22734375 0.4515625 0.009375 0.0109375
0 0.21953125 0.45234375 0.009375 0.0109375
0 0.21328125 0.453125 0.009375 0.0109375
0 0.20546875 0.45390625 0.009375 0.0109375
0 0.19765625 0.4546875 0.0125 0.0109375
0 0.19140625 0.4546875 0.009375 0.009375
0 0.18515625 0.45625 0.0109375 0.0125
0 0.1765625 0.45703125 0.0109375 0.0109375
0 0.1671875 0.4578125 0.0109375 0.0125
0 0.159375 0.45859375 0.0109375 0.0109375
0 0.18828125 0.57421875 0.009375 0.0125
0 0.17890625 0.575 0.0109375 0.0125
0 0.1703125 0.5765625 0.0125 0.0140625
0 0.1625 0.5765625 0.0109375 0.0140625
0 0.15625 0.58046875 0.0046875 0.0046875
0 0.15 0.57734375 0.009375 0.009375
0 0.14140625 0.57890625 0.0109375 0.0109375