0 0.42109375 0.715625 0.009375 0.009375
0 0.42109375 0.70625 0.009375 0.009375
0 0.41953125 0.69609375 0.0109375 0.0109375
0 0.4203125 0.6796875 0.009375 0.009375
0 0.4203125 0.6703125 0.009375 0.0125
0 0.42109375 0.66171875 0.0125 0.0109375
0 0.41953125 0.65234375 0.0125 0.0109375
0 0.41875 0.64296875 0.0109375 0.0078125
0 0.41875 0.625 0.0109375 0.009375
0 0.41953125 0.615625 0.0125 0.009375
0 0.41796875 0.60625 0.0109375 0.009375
0 0.41796875 0.59609375 0.0109375 0.0109375
0 0.434375 0.7140625 0.0078125 0.0125
0 0.43359375 0.7046875 0.009375 0.009375
0 0.4328125 0.69609375 0.009375 0.0109375
0 0.4328125 0.6875 0.009375 0.0125
0 0.4328125 0.678125 0.009375 0.009375
0 0.41875 0.23515625 0.009375 0.0078125
0 0.41875 0.22734375 0.009375 0.0078125
0 0.41875 0.22109375 0.009375 0.0078125
0 0.41875 0.21328125 0.009375 0.0078125
0 0.41796875 0.20546875 0.009375 0.0109375
0 0.4171875 0.19921875 0.009375 0.0078125
0 0.41796875 0.19296875 0.009375 0.0078125
0 0.41796875 0.184375 0.009375 0.009375
0 0.41796875 0.175 0.009375 0.009375
0 0.41796875 0.1671875 0.009375 0.009375
0 0.5359375 0.18125 0.0109375 0.0078125
0 0.53515625 0.171875 0.0125 0.009375
0 0.53515625 0.16328125 0.0109375 0.009375
0 0.534375 0.15546875 0.0125 0.009375
0 0.5375 0.14921875 0.003125 0.003125
0 0.534375 0.14296875 0.009375 0.00625
0 0.534375 0.134375 0.009375 0.009375