0 0.66640625 0.33828125 0.0109375 0.009375
0 0.665625 0.3296875 0.0078125 0.0078125
0 0.66484375 0.3203125 0.009375 0.0078125
0 0.66484375 0.3125 0.0078125 0.0078125
0 0.63515625 0.33828125 0.0078125 0.009375
0 0.634375 0.33046875 0.0109375 0.009375
0 0.63359375 0.32265625 0.009375 0.0078125
0 0.63359375 0.3140625 0.009375 0.009375
0 0.6078125 0.340625 0.009375 0.009375
0 0.60703125 0.33203125 0.009375 0.009375
0 0.60625 0.321875 0.0125 0.0109375
0 0.69375 0.328125 0.0109375 0.009375
0 0.6921875 0.31875 0.009375 0.009375
0 0.6921875 0.309375 0.009375 0.009375
0 0.709375 0.52265625 0.0125 0.0125
0 0.7078125 0.5125 0.00625 0.009375
0 0.70703125 0.50390625 0.00625 0.0109375
0 0.70625 0.49609375 0.009375 0.00625
0 0.70703125 0.490625 0.0078125 0.0046875
0 0.70625 0.484375 0.009375 0.009375
0 0.70546875 0.47734375 0.0125 0.00625