0 0.65 0.32265625 0.009375 0.0109375
0 0.65859375 0.32265625 0.009375 0.0078125
0 0.66796875 0.32265625 0.009375 0.009375
0 0.67578125 0.32265625 0.0078125 0.0078125
0 0.6515625 0.35390625 0.0078125 0.0078125
0 0.659375 0.35390625 0.009375 0.0109375
0 0.66796875 0.3546875 0.0078125 0.009375
0 0.6765625 0.35390625 0.009375 0.009375
0 0.6515625 0.38125 0.0078125 0.0078125
0 0.66015625 0.38125 0.009375 0.009375
0 0.6703125 0.38125 0.0109375 0.0109375
0 0.6578125 0.29453125 0.0078125 0.0109375
0 0.6671875 0.2953125 0.0109375 0.0109375
0 0.6765625 0.2953125 0.009375 0.009375
0 0.4625 0.29296875 0.0125 0.0109375
0 0.4734375 0.29375 0.0078125 0.0078125
0 0.48203125 0.29375 0.0109375 0.0078125
0 0.48984375 0.29375 0.00625 0.0078125
0 0.49453125 0.29296875 0.0046875 0.0078125
0 0.5015625 0.29296875 0.009375 0.009375
0 0.50859375 0.29375 0.0046875 0.0109375