0 0.62421875 0.303125 0.0109375 0.0125
0 0.63203125 0.30234375 0.009375 0.009375
0 0.64140625 0.30078125 0.009375 0.0109375
0 0.64921875 0.3 0.009375 0.009375
0 0.6296875 0.334375 0.0109375 0.009375
0 0.6375 0.3328125 0.0109375 0.0125
0 0.64609375 0.3328125 0.009375 0.0109375
0 0.6546875 0.33046875 0.0109375 0.0109375
0 0.63359375 0.3609375 0.0109375 0.0109375
0 0.6421875 0.36015625 0.0109375 0.0109375
0 0.65234375 0.35859375 0.0109375 0.0140625
0 0.62734375 0.27421875 0.0109375 0.0125
0 0.63671875 0.27421875 0.0109375 0.0109375
0 0.64609375 0.27265625 0.0109375 0.0109375
0 0.434375 0.3 0.0140625 0.0125
0 0.4453125 0.29921875 0.009375 0.0078125
0 0.453125 0.2984375 0.0109375 0.0078125
0 0.4609375 0.296875 0.0078125 0.009375
0 0.465625 0.29609375 0.00625 0.0078125
0 0.47265625 0.29453125 0.0109375 0.0109375
0 0.4796875 0.29453125 0.00625 0.0125