0 0.64375 0.3171875 0.009375 0.0109375
0 0.65234375 0.3171875 0.0078125 0.0078125
0 0.66171875 0.3171875 0.0078125 0.009375
0 0.66953125 0.31640625 0.0078125 0.0078125
0 0.64609375 0.3484375 0.009375 0.0078125
0 0.65390625 0.3484375 0.009375 0.0109375
0 0.6625 0.34921875 0.0078125 0.009375
0 0.67109375 0.34765625 0.009375 0.009375
0 0.64765625 0.37578125 0.009375 0.009375
0 0.65625 0.37578125 0.009375 0.009375
0 0.66640625 0.375 0.009375 0.0125
0 0.65078125 0.2890625 0.009375 0.0109375
0 0.66015625 0.28984375 0.009375 0.009375
0 0.66953125 0.2890625 0.009375 0.009375
0 0.45546875 0.29453125 0.0125 0.0109375
0 0.46640625 0.29453125 0.009375 0.00625
0 0.475 0.29453125 0.0109375 0.00625
0 0.4828125 0.29453125 0.00625 0.009375
0 0.4875 0.29296875 0.0046875 0.0078125
0 0.49453125 0.29296875 0.009375 0.009375
0 0.5015625 0.29375 0.0046875 0.0125