0 0.3296875 0.3421875 0.0109375 0.0125
0 0.32109375 0.34296875 0.0109375 0.009375
0 0.31171875 0.34453125 0.0109375 0.0109375
0 0.30390625 0.3453125 0.009375 0.009375
0 0.33203125 0.3734375 0.009375 0.009375
0 0.32421875 0.37421875 0.0109375 0.0125
0 0.315625 0.3765625 0.009375 0.0109375
0 0.30703125 0.3765625 0.0109375 0.0109375
0 0.33515625 0.40078125 0.009375 0.009375
0 0.3265625 0.4015625 0.0109375 0.0109375
0 0.31640625 0.403125 0.0125 0.0125
0 0.31796875 0.315625 0.009375 0.0125
0 0.309375 0.3171875 0.0125 0.0125
0 0.3 0.31796875 0.0109375 0.0109375
0 0.51171875 0.28984375 0.0140625 0.0125
0 0.5015625 0.2921875 0.009375 0.009375
0 0.49296875 0.29296875 0.0125 0.009375
0 0.48515625 0.29375 0.0078125 0.0078125
0 0.48046875 0.29375 0.00625 0.0078125
0 0.4734375 0.29453125 0.0109375 0.0109375
0 0.46640625 0.29609375 0.00625 0.0109375