0 0.659375 0.66953125 0.009375 0.0109375
0 0.66796875 0.66875 0.009375 0.0078125
0 0.67734375 0.66796875 0.009375 0.009375
0 0.68515625 0.66796875 0.0078125 0.0078125
0 0.659375 0.63828125 0.0078125 0.0078125
0 0.6671875 0.6375 0.009375 0.0109375
0 0.675 0.6359375 0.0078125 0.009375
0 0.68359375 0.63671875 0.009375 0.009375
0 0.6578125 0.6109375 0.0078125 0.0078125
0 0.66640625 0.61015625 0.009375 0.009375
0 0.6765625 0.609375 0.0109375 0.0109375
0 0.66796875 0.696875 0.0078125 0.0109375
0 0.67734375 0.6953125 0.0109375 0.0109375
0 0.68671875 0.6953125 0.009375 0.009375
0 0.4734375 0.70859375 0.0125 0.0109375
0 0.484375 0.70703125 0.0078125 0.0078125
0 0.49296875 0.70703125 0.0109375 0.0078125
0 0.50078125 0.70625 0.00625 0.0078125
0 0.50546875 0.70703125 0.0046875 0.0078125
0 0.5125 0.70703125 0.009375 0.009375
0 0.51953125 0.70546875 0.0046875 0.0109375