0 0.37265625 0.30546875 0.0109375 0.0125
0 0.3640625 0.3046875 0.009375 0.009375
0 0.3546875 0.303125 0.009375 0.0109375
0 0.346875 0.30234375 0.009375 0.009375
0 0.3671875 0.33671875 0.0109375 0.009375
0 0.359375 0.3359375 0.0109375 0.0125
0 0.35078125 0.33515625 0.009375 0.0109375
0 0.3421875 0.33359375 0.0109375 0.0109375
0 0.3640625 0.36328125 0.0109375 0.0109375
0 0.35546875 0.3625 0.0109375 0.0109375
0 0.3453125 0.36171875 0.0109375 0.0140625
0 0.36875 0.2765625 0.0109375 0.0125
0 0.359375 0.2765625 0.0109375 0.0109375
0 0.35 0.275 0.0109375 0.0109375
0 0.5625 0.29921875 0.0140625 0.0125
0 0.5515625 0.2984375 0.009375 0.0078125
0 0.54296875 0.29765625 0.0109375 0.0078125
0 0.53515625 0.296875 0.0078125 0.009375
0 0.53046875 0.2953125 0.00625 0.0078125
0 0.5234375 0.29453125 0.0109375 0.0109375
0 0.51640625 0.29453125 0.00625 0.0125