0 0.35 0.32265625 0.009375 0.0109375
0 0.34140625 0.32265625 0.0078125 0.0078125
0 0.33203125 0.32265625 0.0078125 0.009375
0 0.32421875 0.32265625 0.0078125 0.0078125
0 0.3484375 0.35390625 0.009375 0.0078125
0 0.340625 0.35390625 0.009375 0.0109375
0 0.33203125 0.3546875 0.0078125 0.009375
0 0.3234375 0.35390625 0.009375 0.009375
0 0.3484375 0.38125 0.009375 0.009375
0 0.33984375 0.38125 0.009375 0.009375
0 0.3296875 0.38125 0.009375 0.0125
0 0.3421875 0.29453125 0.009375 0.0109375
0 0.3328125 0.2953125 0.009375 0.009375
0 0.3234375 0.2953125 0.009375 0.009375
0 0.5375 0.29296875 0.0125 0.0109375
0 0.5265625 0.29375 0.009375 0.00625
0 0.51796875 0.29375 0.0109375 0.00625
0 0.51015625 0.29375 0.00625 0.009375
0 0.50546875 0.29296875 0.0046875 0.0078125
0 0.4984375 0.29296875 0.009375 0.009375
0 0.49140625 0.29375 0.0046875 0.0125