0 0.296875 0.575 0.015625 0.0140625
0 0.2984375 0.58984375 0.01875 0.0125
0 0.2984375 0.60078125 0.0171875 0.009375
0 0.296875 0.6140625 0.015625 0.015625
0 0.29765625 0.62421875 0.0140625 0.0125
0 0.29765625 0.64140625 0.015625 0.015625
0 0.2984375 0.65703125 0.0140625 0.0125
0 0.2984375 0.671875 0.015625 0.0140625
0 0.2984375 0.68203125 0.015625 0.009375
0 0.29765625 0.69375 0.015625 0.0140625
0 0.29921875 0.70625 0.0125 0.015625
0 0.29921875 0.7234375 0.0140625 0.01875
0 0.29921875 0.75234375 0.015625 0.015625
0 0.353125 0.56015625 0.0125 0.0140625
0 0.35390625 0.57421875 0.0109375 0.015625
0 0.353125 0.5890625 0.0140625 0.0171875
0 0.353125 0.60390625 0.015625 0.015625
0 0.353125 0.61875 0.0140625 0.0140625
0 0.35390625 0.6328125 0.0140625 0.0125
0 0.353125 0.64609375 0.015625 0.0125
0 0.353125 0.66015625 0.0140625 0.0140625
0 0.3546875 0.675 0.0125 0.0125
0 0.35390625 0.69296875 0.0125 0.015625
0 0.4125 0.71875 0.009375 0.0109375
0 0.67265625 0.81015625 0.015625 0.0140625
0 0.41328125 0.9296875 0.009375 0.009375