0 0.290625 0.55703125 0.0171875 0.015625
0 0.29140625 0.571875 0.0203125 0.0140625
0 0.290625 0.5828125 0.015625 0.0109375
0 0.2875 0.5953125 0.0171875 0.015625
0 0.2875 0.60546875 0.0171875 0.0140625
0 0.2859375 0.62265625 0.0171875 0.0171875
0 0.2859375 0.63828125 0.015625 0.0140625
0 0.284375 0.653125 0.0171875 0.015625
0 0.28359375 0.66328125 0.015625 0.0109375
0 0.28203125 0.675 0.0171875 0.015625
0 0.28203125 0.6875 0.0140625 0.015625
0 0.28046875 0.7046875 0.0171875 0.01875
0 0.27734375 0.73359375 0.015625 0.0171875
0 0.3484375 0.54765625 0.0125 0.015625
0 0.34765625 0.56171875 0.0125 0.015625
0 0.34609375 0.57578125 0.0171875 0.01875
0 0.34453125 0.590625 0.0171875 0.0171875
0 0.34296875 0.60546875 0.015625 0.015625
0 0.34296875 0.61953125 0.0140625 0.0140625
0 0.34140625 0.6328125 0.015625 0.0140625
0 0.3390625 0.646875 0.0140625 0.0171875
0 0.33984375 0.66171875 0.0140625 0.0140625
0 0.3375 0.6796875 0.0140625 0.0171875
0 0.39375 0.71015625 0.009375 0.009375
0 0.6453125 0.82421875 0.0171875 0.015625
0 0.37578125 0.9203125 0.009375 0.009375