0 0.446875 0.28984375 0.015625 0.0171875
0 0.43203125 0.28984375 0.0140625 0.0203125
0 0.42109375 0.2890625 0.0109375 0.015625
0 0.4078125 0.2859375 0.015625 0.0171875
0 0.39765625 0.2859375 0.0140625 0.0171875
0 0.38125 0.284375 0.0171875 0.0171875
0 0.36484375 0.28359375 0.0140625 0.015625
0 0.35078125 0.28125 0.015625 0.0171875
0 0.340625 0.28046875 0.0109375 0.015625
0 0.32890625 0.27890625 0.015625 0.0171875
0 0.31640625 0.278125 0.015625 0.0140625
0 0.29921875 0.27734375 0.01875 0.0171875
0 0.2703125 0.2734375 0.0171875 0.015625
0 0.45546875 0.34765625 0.0171875 0.0125
0 0.44140625 0.346875 0.0171875 0.0125
0 0.4265625 0.34453125 0.01875 0.0171875
0 0.41171875 0.34296875 0.0171875 0.0171875
0 0.396875 0.34140625 0.015625 0.015625
0 0.3828125 0.340625 0.0140625 0.0140625
0 0.36953125 0.3390625 0.0140625 0.015625
0 0.35625 0.33671875 0.0171875 0.0140625
0 0.340625 0.33671875 0.0140625 0.0140625
0 0.3234375 0.334375 0.0171875 0.0140625
0 0.29140625 0.38984375 0.0109375 0.0109375
0 0.1734375 0.6390625 0.015625 0.0171875
0 0.08203125 0.36875 0.0109375 0.0109375