0 0.42890625 0.2953125 0.0140625 0.015625
0 0.4140625 0.296875 0.0125 0.01875
0 0.403125 0.296875 0.009375 0.015625
0 0.38984375 0.29453125 0.0140625 0.015625
0 0.3796875 0.2953125 0.0125 0.015625
0 0.3625 0.2953125 0.015625 0.015625
0 0.346875 0.29609375 0.0125 0.0140625
0 0.33203125 0.2953125 0.0140625 0.015625
0 0.321875 0.2953125 0.009375 0.015625
0 0.31015625 0.29453125 0.0140625 0.015625
0 0.29765625 0.2953125 0.0140625 0.0125
0 0.28046875 0.2953125 0.0171875 0.015625
0 0.2515625 0.29453125 0.015625 0.0140625
0 0.4421875 0.35234375 0.015625 0.0109375
0 0.428125 0.35234375 0.015625 0.0109375
0 0.41328125 0.3515625 0.0171875 0.015625
0 0.3984375 0.3515625 0.015625 0.015625
0 0.38359375 0.35078125 0.0140625 0.0140625
0 0.36953125 0.3515625 0.0125 0.0125
0 0.35625 0.35078125 0.0125 0.0140625
0 0.3421875 0.35 0.015625 0.0125
0 0.32734375 0.3515625 0.0125 0.0125
0 0.309375 0.35078125 0.015625 0.0125
0 0.2828125 0.40859375 0.009375 0.009375
0 0.18671875 0.6671875 0.0140625 0.015625
0 0.071875 0.40546875 0.009375 0.009375