0 0.41484375 0.30078125 0.015625 0.0171875
0 0.4 0.303125 0.0140625 0.0203125
0 0.3890625 0.30390625 0.0109375 0.015625
0 0.37578125 0.30234375 0.015625 0.0171875
0 0.365625 0.30390625 0.0140625 0.0171875
0 0.3484375 0.30546875 0.0171875 0.0171875
0 0.3328125 0.30703125 0.0140625 0.015625
0 0.31796875 0.3078125 0.015625 0.0171875
0 0.3078125 0.30859375 0.0109375 0.015625
0 0.29609375 0.30859375 0.015625 0.0171875
0 0.28359375 0.31015625 0.015625 0.0140625
0 0.26640625 0.3109375 0.01875 0.0171875
0 0.2375 0.3125 0.0171875 0.015625
0 0.43203125 0.35703125 0.015625 0.0125
0 0.41796875 0.3578125 0.015625 0.0125
0 0.403125 0.3578125 0.01875 0.0171875
0 0.38828125 0.359375 0.0171875 0.0171875
0 0.3734375 0.359375 0.015625 0.015625
0 0.359375 0.3609375 0.0140625 0.0140625
0 0.34609375 0.3609375 0.0140625 0.015625
0 0.33203125 0.36171875 0.0171875 0.0140625
0 0.3171875 0.3640625 0.0140625 0.0140625
0 0.29921875 0.3640625 0.0171875 0.0140625
0 0.27734375 0.42421875 0.009375 0.009375
0 0.19921875 0.68828125 0.015625 0.0171875
0 0.06640625 0.4359375 0.009375 0.009375