0 0.5953125 0.30546875 0.015625 0.0171875
0 0.61015625 0.30859375 0.0140625 0.0203125
0 0.62109375 0.31015625 0.0109375 0.0171875
0 0.634375 0.309375 0.015625 0.0171875
0 0.64453125 0.31171875 0.0140625 0.0171875
0 0.66171875 0.31328125 0.0171875 0.0171875
0 0.6765625 0.31640625 0.0140625 0.015625
0 0.69140625 0.3171875 0.015625 0.0171875
0 0.7015625 0.31875 0.0109375 0.0171875
0 0.71328125 0.31953125 0.015625 0.0171875
0 0.72578125 0.321875 0.015625 0.0140625
0 0.74296875 0.3234375 0.01875 0.0171875
0 0.771875 0.3265625 0.0171875 0.015625
0 0.575 0.36015625 0.0171875 0.0125
0 0.5890625 0.3625 0.0171875 0.0125
0 0.60390625 0.36328125 0.01875 0.0171875
0 0.61875 0.36484375 0.0171875 0.0171875
0 0.63359375 0.36640625 0.015625 0.015625
0 0.64765625 0.36875 0.0140625 0.0140625
0 0.6609375 0.36953125 0.0140625 0.015625
0 0.675 0.3703125 0.0171875 0.0140625
0 0.68984375 0.3734375 0.0140625 0.0140625
0 0.70703125 0.375 0.0171875 0.0140625
0 0.7265625 0.4359375 0.0109375 0.0109375
0 0.790625 0.70390625 0.015625 0.0171875
0 0.93671875 0.45859375 0.0109375 0.0109375