0 0.5640625 0.70703125 0.0140625 0.015625
0 0.57890625 0.70625 0.0125 0.01875
0 0.58984375 0.70625 0.009375 0.0171875
0 0.603125 0.709375 0.015625 0.015625
0 0.61328125 0.70859375 0.0125 0.0140625
0 0.63046875 0.709375 0.015625 0.015625
0 0.64609375 0.709375 0.0125 0.0140625
0 0.6609375 0.71015625 0.0140625 0.015625
0 0.67109375 0.7109375 0.009375 0.015625
0 0.6828125 0.71171875 0.0140625 0.015625
0 0.6953125 0.71171875 0.015625 0.0125
0 0.7125 0.7125 0.01875 0.0140625
0 0.74140625 0.7140625 0.015625 0.015625
0 0.55234375 0.64921875 0.0140625 0.0125
0 0.56640625 0.65 0.015625 0.0109375
0 0.58125 0.6515625 0.0171875 0.0140625
0 0.59609375 0.6515625 0.015625 0.015625
0 0.6109375 0.653125 0.0140625 0.0140625
0 0.625 0.653125 0.0125 0.0140625
0 0.63828125 0.65390625 0.0125 0.015625
0 0.65234375 0.65546875 0.0140625 0.0140625
0 0.6671875 0.6546875 0.0125 0.0125
0 0.68515625 0.65546875 0.015625 0.0125
0 0.7140625 0.59921875 0.0109375 0.009375
0 0.81875 0.34375 0.0140625 0.015625
0 0.92421875 0.609375 0.009375 0.009375