0 0.57109375 0.2953125 0.0140625 0.015625
0 0.5859375 0.296875 0.0125 0.01875
0 0.596875 0.296875 0.009375 0.0171875
0 0.61015625 0.29453125 0.015625 0.015625
0 0.6203125 0.2953125 0.0125 0.0140625
0 0.6375 0.2953125 0.015625 0.015625
0 0.653125 0.29609375 0.0125 0.0140625
0 0.66796875 0.2953125 0.0140625 0.015625
0 0.678125 0.2953125 0.009375 0.015625
0 0.68984375 0.29453125 0.0140625 0.015625
0 0.70234375 0.2953125 0.015625 0.0125
0 0.71953125 0.2953125 0.01875 0.0140625
0 0.7484375 0.29453125 0.015625 0.015625
0 0.5578125 0.35234375 0.0140625 0.0125
0 0.571875 0.35234375 0.015625 0.0109375
0 0.58671875 0.3515625 0.0171875 0.0140625
0 0.6015625 0.3515625 0.015625 0.015625
0 0.61640625 0.35078125 0.0140625 0.0140625
0 0.63046875 0.3515625 0.0125 0.0140625
0 0.64375 0.35078125 0.0125 0.015625
0 0.6578125 0.35 0.0140625 0.0140625
0 0.67265625 0.3515625 0.0125 0.0125
0 0.690625 0.35078125 0.015625 0.0125
0 0.7171875 0.40859375 0.0109375 0.009375
0 0.81328125 0.6671875 0.0140625 0.015625
0 0.928125 0.40546875 0.009375 0.009375