0 0.7203125 0.70546875 0.009375 0.0109375
0 0.7125 0.70625 0.009375 0.009375
0 0.70390625 0.70546875 0.009375 0.0109375
0 0.6953125 0.70546875 0.009375 0.0078125
0 0.68671875 0.70625 0.0109375 0.00625
0 0.675 0.70625 0.009375 0.00625
0 0.66640625 0.70703125 0.0078125 0.0078125
0 0.6578125 0.70625 0.009375 0.00625
0 0.65 0.70625 0.00625 0.00625
0 0.64140625 0.70546875 0.0109375 0.0078125
0 0.53984375 0.55390625 0.00625 0.0078125
0 0.5328125 0.553125 0.00625 0.00625
0 0.53984375 0.521875 0.00625 0.009375
0 0.53125 0.521875 0.0125 0.0125