0 0.265625 0.31015625 0.009375 0.0109375
0 0.2734375 0.309375 0.009375 0.009375
0 0.28203125 0.309375 0.009375 0.0109375
0 0.290625 0.30859375 0.009375 0.0078125
0 0.29921875 0.30703125 0.0109375 0.00625
0 0.3109375 0.30625 0.009375 0.00625
0 0.31953125 0.30546875 0.0078125 0.0078125
0 0.328125 0.30546875 0.009375 0.00625
0 0.3359375 0.3046875 0.00625 0.00625
0 0.34453125 0.3046875 0.0109375 0.0078125
0 0.45625 0.44921875 0.00625 0.0078125
0 0.46328125 0.44921875 0.00625 0.00625
0 0.45859375 0.48125 0.00625 0.009375
0 0.4671875 0.48046875 0.0140625 0.0140625