0 0.265625 0.68984375 0.0078125 0.009375
0 0.2734375 0.690625 0.0078125 0.0078125
0 0.28203125 0.690625 0.009375 0.009375
0 0.290625 0.69140625 0.009375 0.0078125
0 0.29921875 0.69296875 0.0109375 0.0078125
0 0.3109375 0.69375 0.0078125 0.0078125
0 0.31953125 0.69453125 0.0078125 0.0078125
0 0.328125 0.69453125 0.0078125 0.0078125
0 0.3359375 0.6953125 0.00625 0.0078125
0 0.34453125 0.6953125 0.0109375 0.0078125
0 0.45625 0.55078125 0.00625 0.009375
0 0.46328125 0.55078125 0.00625 0.0078125
0 0.45859375 0.51875 0.00625 0.009375
0 0.4671875 0.51953125 0.0109375 0.0109375