0 0.740625 0.68125 0.009375 0.009375
0 0.7328125 0.6828125 0.0078125 0.0078125
0 0.72421875 0.6828125 0.0109375 0.0109375
0 0.715625 0.68359375 0.009375 0.009375
0 0.70703125 0.6859375 0.0109375 0.009375
0 0.6953125 0.68671875 0.0078125 0.0078125
0 0.6875 0.68828125 0.0078125 0.0078125
0 0.678125 0.68828125 0.0078125 0.0078125
0 0.67109375 0.6890625 0.0078125 0.0078125
0 0.66171875 0.68984375 0.0109375 0.009375
0 0.5453125 0.54921875 0.0078125 0.009375
0 0.53828125 0.54921875 0.0078125 0.0078125
0 0.5421875 0.51796875 0.0078125 0.009375
0 0.53359375 0.51875 0.0125 0.0125