0 0.2796875 0.29453125 0.0078125 0.009375
0 0.2875 0.29375 0.0078125 0.0078125
0 0.29609375 0.29453125 0.009375 0.009375
0 0.3046875 0.29453125 0.009375 0.0078125
0 0.31328125 0.29375 0.0109375 0.0078125
0 0.325 0.29375 0.0078125 0.0078125
0 0.33359375 0.29296875 0.0078125 0.0078125
0 0.3421875 0.29375 0.0078125 0.0078125
0 0.35 0.29375 0.00625 0.0078125
0 0.35859375 0.29453125 0.0109375 0.0078125
0 0.46015625 0.44609375 0.00625 0.009375
0 0.4671875 0.446875 0.00625 0.0078125
0 0.46015625 0.478125 0.00625 0.009375
0 0.46875 0.478125 0.0109375 0.0109375