0 0.28359375 0.290625 0.009375 0.0109375
0 0.29140625 0.28984375 0.009375 0.009375
0 0.3 0.290625 0.009375 0.0109375
0 0.30859375 0.29140625 0.009375 0.0078125
0 0.3171875 0.290625 0.0109375 0.00625
0 0.32890625 0.290625 0.009375 0.00625
0 0.3375 0.28984375 0.0078125 0.0078125
0 0.34609375 0.29140625 0.009375 0.00625
0 0.35390625 0.29140625 0.00625 0.00625
0 0.3625 0.2921875 0.0109375 0.0078125
0 0.4609375 0.4453125 0.00625 0.0078125
0 0.46796875 0.44609375 0.00625 0.00625
0 0.46015625 0.47734375 0.00625 0.009375
0 0.46875 0.47734375 0.0125 0.0125