0 0.46875 0.0828125 0.0125 0.0125
0 0.46953125 0.0921875 0.009375 0.009375
0 0.46796875 0.10234375 0.0125 0.0125
0 0.46796875 0.1125 0.0109375 0.0109375
0 0.46640625 0.1296875 0.009375 0.009375
0 0.46484375 0.1390625 0.0109375 0.0109375
0 0.46640625 0.15859375 0.0109375 0.0109375
0 0.46328125 0.16640625 0.009375 0.009375
0 0.4625 0.1765625 0.009375 0.009375
0 0.4609375 0.18671875 0.0109375 0.0109375
0 0.453125 0.2578125 0.009375 0.009375
0 0.4515625 0.265625 0.009375 0.009375
0 0.45546875 0.2765625 0.0015625 0.00625
0 0.4515625 0.28515625 0.0078125 0.0109375
0 0.45 0.29296875 0.0109375 0.009375
0 0.45234375 0.30234375 0.003125 0.0046875
0 0.4484375 0.31171875 0.0109375 0.009375
0 0.44765625 0.31875 0.0109375 0.0109375
0 0.446875 0.32734375 0.0109375 0.009375
0 0.44609375 0.3375 0.009375 0.009375
0 0.39375 0.2578125 0.0109375 0.0078125
0 0.39296875 0.26484375 0.0140625 0.0109375
0 0.3921875 0.27265625 0.0078125 0.00625
0 0.38828125 0.3109375 0.0140625 0.06875
0 0.37109375 0.25546875 0.0109375 0.009375
0 0.3703125 0.26171875 0.0140625 0.009375
0 0.36953125 0.27109375 0.0109375 0.0109375
0 0.3671875 0.29140625 0.009375 0.0171875
0 0.36484375 0.32421875 0.0125 0.0328125
0 0.3609375 0.06953125 0.0140625 0.0125
0 0.36171875 0.08046875 0.0109375 0.0109375
0 0.3609375 0.08984375 0.0109375 0.0109375
0 0.359375 0.1 0.0125 0.009375
0 0.35859375 0.11015625 0.0140625 0.0125
0 0.7046875 0.10859375 0.0109375 0.0109375
0 0.703125 0.115625 0.0109375 0.0109375
0 0.703125 0.11875 0.0078125 0.0046875
0 0.70234375 0.1234375 0.0078125 0.0078125
0 0.70078125 0.1296875 0.009375 0.009375
0 0.7046875 0.13515625 0.003125 0.003125
0 0.7015625 0.13984375 0.0078125 0.0078125
0 0.70078125 0.146875 0.0078125 0.00625
0 0.7 0.15234375 0.0078125 0.00625
0 0.69921875 0.159375 0.0078125 0.0078125