0 0.909375 0.4109375 0.0109375 0.0109375
0 0.9 0.41328125 0.009375 0.0078125
0 0.88984375 0.41328125 0.0109375 0.0109375
0 0.8796875 0.4140625 0.009375 0.009375
0 0.86171875 0.415625 0.009375 0.0078125
0 0.85234375 0.41484375 0.009375 0.0109375
0 0.83359375 0.41953125 0.009375 0.009375
0 0.825 0.4171875 0.009375 0.0078125
0 0.81484375 0.41796875 0.009375 0.0078125
0 0.8046875 0.4171875 0.009375 0.009375
0 0.73359375 0.41953125 0.0078125 0.009375
0 0.725 0.41953125 0.0078125 0.009375
0 0.71484375 0.42421875 0.00625 0.0015625
0 0.70625 0.421875 0.0109375 0.00625
0 0.69765625 0.421875 0.0078125 0.0109375
0 0.6890625 0.425 0.0046875 0.003125
0 0.67890625 0.42265625 0.0078125 0.0109375
0 0.671875 0.42265625 0.009375 0.0109375
0 0.66328125 0.4234375 0.0078125 0.0109375
0 0.653125 0.42421875 0.0078125 0.009375
0 0.725 0.3609375 0.00625 0.0109375
0 0.71796875 0.3609375 0.009375 0.0140625
0 0.71015625 0.36171875 0.00625 0.0078125
0 0.671875 0.3625 0.06875 0.0109375
0 0.72421875 0.33828125 0.0078125 0.0109375
0 0.71796875 0.33828125 0.0078125 0.0140625
0 0.70859375 0.3390625 0.009375 0.009375
0 0.68828125 0.3390625 0.0171875 0.009375
0 0.65546875 0.34140625 0.0328125 0.0109375
0 0.90625 0.30234375 0.0109375 0.0125
0 0.896875 0.3046875 0.0109375 0.009375
0 0.88671875 0.30546875 0.009375 0.0109375
0 0.8765625 0.3046875 0.0078125 0.0125
0 0.86640625 0.30546875 0.0109375 0.0125
0 0.91640625 0.64765625 0.009375 0.0109375
0 0.909375 0.64765625 0.009375 0.0109375
0 0.90625 0.64765625 0.0046875 0.0078125
0 0.9015625 0.64765625 0.0078125 0.0078125
0 0.8953125 0.64765625 0.0078125 0.009375
0 0.88984375 0.6515625 0.003125 0.003125
0 0.88515625 0.64921875 0.0078125 0.0078125
0 0.878125 0.65 0.00625 0.0078125
0 0.87265625 0.64921875 0.00625 0.0078125
0 0.865625 0.65 0.0078125 0.0078125