0 0.08671875 0.4328125 0.0109375 0.0109375
0 0.09609375 0.434375 0.009375 0.0078125
0 0.10625 0.43359375 0.0109375 0.0109375
0 0.11640625 0.434375 0.009375 0.009375
0 0.134375 0.434375 0.009375 0.0078125
0 0.14375 0.43359375 0.009375 0.0109375
0 0.1625 0.43671875 0.009375 0.009375
0 0.17109375 0.434375 0.009375 0.0078125
0 0.18125 0.434375 0.009375 0.0078125
0 0.19140625 0.43359375 0.009375 0.009375
0 0.2625 0.43203125 0.0078125 0.009375
0 0.27109375 0.43125 0.0078125 0.009375
0 0.28125 0.4359375 0.00625 0.0015625
0 0.28984375 0.4328125 0.0109375 0.00625
0 0.2984375 0.43203125 0.0078125 0.0109375
0 0.30703125 0.43515625 0.0046875 0.003125
0 0.3171875 0.43203125 0.0078125 0.0109375
0 0.32421875 0.43203125 0.009375 0.0109375
0 0.3328125 0.43203125 0.0078125 0.0109375
0 0.34296875 0.43203125 0.0078125 0.009375
0 0.26796875 0.37265625 0.00625 0.0109375
0 0.275 0.37265625 0.009375 0.0140625
0 0.2828125 0.37265625 0.00625 0.0078125
0 0.32109375 0.371875 0.06875 0.0078125
0 0.26796875 0.35 0.0078125 0.0109375
0 0.27421875 0.35 0.0078125 0.0140625
0 0.28359375 0.35 0.009375 0.009375
0 0.30390625 0.34921875 0.0171875 0.0078125
0 0.33671875 0.35 0.0328125 0.009375
0 0.08359375 0.32421875 0.0109375 0.0125
0 0.09375 0.32578125 0.0109375 0.009375
0 0.10390625 0.32578125 0.009375 0.0109375
0 0.1140625 0.325 0.0078125 0.0125
0 0.12421875 0.325 0.0109375 0.0125
0 0.0921875 0.66953125 0.009375 0.0109375
0 0.09921875 0.66875 0.009375 0.0109375
0 0.10234375 0.66875 0.0046875 0.0078125
0 0.10703125 0.66875 0.0078125 0.0078125
0 0.11328125 0.66796875 0.0078125 0.009375
0 0.11875 0.671875 0.003125 0.003125
0 0.1234375 0.66953125 0.0078125 0.0078125
0 0.13046875 0.66953125 0.00625 0.0078125
0 0.1359375 0.66875 0.00625 0.0078125
0 0.14296875 0.66875 0.0078125 0.0078125