0 0.5765625 0.13359375 0.0140625 0.0140625
0 0.57734375 0.14296875 0.0109375 0.0109375
0 0.57578125 0.1484375 0.00625 0.0078125
0 0.5796875 0.15859375 0.0140625 0.0125
0 0.58046875 0.16953125 0.0140625 0.0140625
0 0.5828125 0.17890625 0.0125 0.0109375
0 0.5828125 0.18984375 0.0140625 0.015625
0 0.58359375 0.20078125 0.0140625 0.0125
0 0.5859375 0.2125 0.0140625 0.0140625
0 0.58671875 0.22734375 0.015625 0.0140625
0 0.5890625 0.2390625 0.0125 0.0140625
0 0.590625 0.2484375 0.0140625 0.009375
0 0.59140625 0.25703125 0.015625 0.009375
0 0.51796875 0.13984375 0.0125 0.0125
0 0.51796875 0.1484375 0.0109375 0.0109375
0 0.5171875 0.15234375 0.0046875 0.0046875
0 0.51953125 0.16015625 0.0140625 0.0109375
0 0.5203125 0.16953125 0.0125 0.0140625
0 0.52109375 0.1796875 0.015625 0.0125
0 0.5234375 0.18828125 0.0109375 0.0109375
0 0.525 0.1953125 0.0109375 0.0078125
0 0.525 0.203125 0.0125 0.009375
0 0.5265625 0.21796875 0.0125 0.009375
0 0.52734375 0.228125 0.0125 0.0109375
0 0.5296875 0.2359375 0.0125 0.009375
0 0.5296875 0.2421875 0.0109375 0.0109375
0 0.59609375 0.746875 0.0140625 0.0140625
0 0.596875 0.7578125 0.0140625 0.0125
0 0.59921875 0.76640625 0.0140625 0.009375
0 0.6125 0.74296875 0.0125 0.009375
0 0.6125 0.75078125 0.0140625 0.0125
0 0.61328125 0.759375 0.0109375 0.009375
0 0.61484375 0.76640625 0.0140625 0.009375
0 0.61484375 0.775 0.0140625 0.0109375
0 0.615625 0.784375 0.0125 0.0125
0 0.615625 0.790625 0.00625 0.0046875
0 0.61796875 0.796875 0.0125 0.009375
0 0.61953125 0.80703125 0.009375 0.0109375
0 0.49921875 0.903125 0.0125 0.0125
0 0.5 0.91171875 0.0109375 0.0125
0 0.5 0.9203125 0.0125 0.009375
0 0.50234375 0.92890625 0.0109375 0.0109375