0 0.1453125 0.3796875 0.0125 0.0125
0 0.1546875 0.3796875 0.009375 0.009375
0 0.16015625 0.38203125 0.0078125 0.0046875
0 0.17109375 0.3796875 0.0109375 0.0125
0 0.18203125 0.3796875 0.0125 0.0125
0 0.19140625 0.37890625 0.009375 0.0109375
0 0.20234375 0.3796875 0.0140625 0.0125
0 0.21328125 0.38046875 0.0109375 0.0125
0 0.225 0.3796875 0.0125 0.0125
0 0.23984375 0.38046875 0.0125 0.0140625
0 0.2515625 0.3796875 0.0125 0.0109375
0 0.2609375 0.3796875 0.0078125 0.0125
0 0.2703125 0.3796875 0.0078125 0.0140625
0 0.14453125 0.43828125 0.0109375 0.0109375
0 0.153125 0.4390625 0.009375 0.009375
0 0.15703125 0.440625 0.0046875 0.0046875
0 0.16484375 0.4390625 0.009375 0.0125
0 0.17421875 0.43984375 0.0125 0.0109375
0 0.184375 0.43984375 0.0109375 0.0140625
0 0.19375 0.4390625 0.009375 0.009375
0 0.20078125 0.43828125 0.00625 0.0109375
0 0.20859375 0.4390625 0.0078125 0.0109375
0 0.2234375 0.4390625 0.0078125 0.0109375
0 0.23359375 0.43984375 0.009375 0.0109375
0 0.24140625 0.43828125 0.0078125 0.0109375
0 0.24765625 0.4390625 0.009375 0.009375
0 0.75703125 0.434375 0.0125 0.0125
0 0.76796875 0.43515625 0.0109375 0.0125
0 0.7765625 0.434375 0.0078125 0.0125
0 0.7546875 0.41796875 0.0078125 0.0109375
0 0.7625 0.41875 0.0109375 0.0125
0 0.77109375 0.41953125 0.0078125 0.009375
0 0.778125 0.41875 0.0078125 0.0125
0 0.78671875 0.41953125 0.009375 0.0125
0 0.79609375 0.41953125 0.0109375 0.0109375
0 0.80234375 0.4203125 0.0046875 0.00625
0 0.809375 0.41875 0.0078125 0.0109375
0 0.81953125 0.41875 0.009375 0.0078125
0 0.9 0.55 0.0109375 0.0109375
0 0.90859375 0.55 0.0109375 0.009375
0 0.9171875 0.5515625 0.0078125 0.0109375
0 0.92578125 0.55 0.009375 0.009375