0 0.15234375 0.3609375 0.0125 0.0125
0 0.16171875 0.36171875 0.009375 0.009375
0 0.16640625 0.3640625 0.0078125 0.0046875
0 0.178125 0.3625 0.0109375 0.0125
0 0.1890625 0.36328125 0.0125 0.0125
0 0.1984375 0.36328125 0.009375 0.0109375
0 0.209375 0.3640625 0.0140625 0.0125
0 0.2203125 0.365625 0.0109375 0.0125
0 0.23203125 0.365625 0.0125 0.0125
0 0.24609375 0.3671875 0.0125 0.0140625
0 0.2578125 0.3671875 0.0125 0.0109375
0 0.2671875 0.3671875 0.0078125 0.0125
0 0.2765625 0.36796875 0.0078125 0.0140625
0 0.1484375 0.41953125 0.0109375 0.0109375
0 0.15703125 0.42109375 0.009375 0.009375
0 0.1609375 0.42265625 0.0046875 0.0046875
0 0.16875 0.421875 0.009375 0.0125
0 0.178125 0.42265625 0.0125 0.0109375
0 0.18828125 0.4234375 0.0109375 0.0140625
0 0.19765625 0.4234375 0.009375 0.009375
0 0.2046875 0.42265625 0.00625 0.0109375
0 0.2125 0.42421875 0.0078125 0.0109375
0 0.22734375 0.425 0.0078125 0.0109375
0 0.23671875 0.42578125 0.009375 0.0109375
0 0.2453125 0.425 0.0078125 0.0109375
0 0.2515625 0.42578125 0.009375 0.009375
0 0.76015625 0.44765625 0.0125 0.0125
0 0.77109375 0.44921875 0.0109375 0.0125
0 0.7796875 0.44921875 0.0078125 0.0125
0 0.75859375 0.43125 0.0078125 0.0109375
0 0.76640625 0.4328125 0.0109375 0.0125
0 0.775 0.43359375 0.0078125 0.009375
0 0.78203125 0.43359375 0.0078125 0.0125
0 0.790625 0.434375 0.009375 0.0125
0 0.8 0.43515625 0.0109375 0.0109375
0 0.80625 0.4359375 0.0046875 0.00625
0 0.81328125 0.43515625 0.0078125 0.0109375
0 0.8234375 0.4359375 0.009375 0.0078125
0 0.896875 0.57109375 0.0109375 0.0109375
0 0.90546875 0.57109375 0.0109375 0.009375
0 0.9140625 0.5734375 0.0078125 0.0109375
0 0.92265625 0.571875 0.009375 0.009375