0 0.740625 0.34921875 0.0109375 0.0109375
0 0.73125 0.34765625 0.0109375 0.0109375
0 0.72265625 0.34765625 0.009375 0.009375
0 0.71640625 0.346875 0.0046875 0.0078125
0 0.7109375 0.3453125 0.0078125 0.009375
0 0.70078125 0.34375 0.009375 0.0109375
0 0.6921875 0.3421875 0.009375 0.0078125
0 0.684375 0.34140625 0.009375 0.0078125
0 0.6765625 0.340625 0.009375 0.009375
0 0.66953125 0.33984375 0.0109375 0.009375
0 0.66171875 0.3390625 0.0078125 0.009375
0 0.653125 0.33671875 0.0109375 0.0109375
0 0.3734375 0.278125 0.0078125 0.009375
0 0.3671875 0.2765625 0.0078125 0.0078125
0 0.3625 0.27734375 0.003125 0.003125
0 0.35859375 0.275 0.00625 0.00625
0 0.353125 0.27421875 0.0078125 0.0078125
0 0.34765625 0.275 0.003125 0.003125
0 0.34453125 0.27265625 0.0078125 0.0078125
0 0.3390625 0.271875 0.00625 0.00625
0 0.3328125 0.27109375 0.0078125 0.0078125
0 0.32734375 0.2703125 0.0078125 0.0078125
0 0.371875 0.28515625 0.0078125 0.0078125
0 0.36640625 0.28359375 0.0078125 0.0078125
0 0.3578125 0.2828125 0.0078125 0.0078125
0 0.3515625 0.2828125 0.00625 0.0078125
0 0.34296875 0.28125 0.0078125 0.009375
0 0.33671875 0.28046875 0.0078125 0.0078125
0 0.33125 0.27890625 0.0078125 0.0078125
0 0.325 0.278125 0.009375 0.0078125