0 0.2765625 0.675 0.009375 0.009375
0 0.2859375 0.67578125 0.009375 0.009375
0 0.29453125 0.675 0.0078125 0.0078125
0 0.30078125 0.675 0.003125 0.0078125
0 0.30625 0.67578125 0.00625 0.009375
0 0.31640625 0.6765625 0.0078125 0.009375
0 0.325 0.6765625 0.009375 0.00625
0 0.33359375 0.67734375 0.0078125 0.00625
0 0.34140625 0.6765625 0.0078125 0.0078125
0 0.3484375 0.6765625 0.009375 0.0078125
0 0.35625 0.67734375 0.00625 0.0078125
0 0.36484375 0.678125 0.009375 0.009375
0 0.64921875 0.7078125 0.00625 0.0078125
0 0.65546875 0.70859375 0.00625 0.00625
0 0.66015625 0.70703125 0.003125 0.003125
0 0.6640625 0.70859375 0.0046875 0.00625
0 0.66953125 0.709375 0.00625 0.00625
0 0.675 0.7078125 0.003125 0.003125
0 0.67890625 0.709375 0.00625 0.00625
0 0.684375 0.709375 0.0046875 0.00625
0 0.690625 0.71015625 0.00625 0.00625
0 0.69609375 0.71015625 0.00625 0.00625
0 0.65 0.7 0.00625 0.00625
0 0.65546875 0.70078125 0.00625 0.00625
0 0.6640625 0.70078125 0.00625 0.00625
0 0.6703125 0.70078125 0.0046875 0.0078125
0 0.67890625 0.70078125 0.00625 0.0078125
0 0.68515625 0.70078125 0.00625 0.00625
0 0.690625 0.70234375 0.00625 0.00625
0 0.696875 0.70234375 0.0078125 0.00625