0 0.7171875 0.3171875 0.009375 0.009375
0 0.7078125 0.3171875 0.009375 0.009375
0 0.69921875 0.31796875 0.0078125 0.0078125
0 0.69296875 0.31796875 0.003125 0.0078125
0 0.6875 0.3171875 0.00625 0.009375
0 0.67734375 0.3171875 0.0078125 0.009375
0 0.66875 0.3171875 0.009375 0.00625
0 0.66015625 0.3171875 0.0078125 0.00625
0 0.65234375 0.31796875 0.0078125 0.0078125
0 0.6453125 0.31796875 0.009375 0.0078125
0 0.6375 0.31796875 0.00625 0.0078125
0 0.62890625 0.3171875 0.009375 0.009375
0 0.34375 0.29765625 0.00625 0.0078125
0 0.3375 0.296875 0.00625 0.00625
0 0.3328125 0.2984375 0.003125 0.003125
0 0.32890625 0.296875 0.0046875 0.00625
0 0.3234375 0.296875 0.00625 0.00625
0 0.31796875 0.2984375 0.003125 0.003125
0 0.3140625 0.296875 0.00625 0.00625
0 0.30859375 0.296875 0.0046875 0.00625
0 0.30234375 0.296875 0.00625 0.00625
0 0.296875 0.296875 0.00625 0.00625
0 0.34296875 0.30546875 0.00625 0.00625
0 0.3375 0.3046875 0.00625 0.00625
0 0.32890625 0.3046875 0.00625 0.00625
0 0.32265625 0.30546875 0.0046875 0.0078125
0 0.3140625 0.30546875 0.00625 0.0078125
0 0.3078125 0.30546875 0.00625 0.00625
0 0.30234375 0.3046875 0.00625 0.00625
0 0.29609375 0.3046875 0.0078125 0.00625