0 0.54609375 0.196875 0.0140625 0.0109375
0 0.559375 0.19609375 0.0125 0.009375
0 0.571875 0.196875 0.0109375 0.0109375
0 0.58203125 0.196875 0.009375 0.0109375
0 0.5921875 0.19609375 0.0109375 0.0109375
0 0.6015625 0.19609375 0.0125 0.0109375
0 0.609375 0.19609375 0.00625 0.0109375
0 0.61875 0.19609375 0.0125 0.0125
0 0.2703125 0.8828125 0.0140625 0.0125
0 0.28203125 0.88359375 0.0109375 0.0109375
0 0.29140625 0.88359375 0.0078125 0.009375
0 0.2984375 0.8828125 0.0078125 0.0109375
0 0.30859375 0.884375 0.0109375 0.009375