0 0.5515625 0.80234375 0.0140625 0.0109375
0 0.56484375 0.803125 0.0125 0.009375
0 0.57734375 0.8015625 0.0109375 0.0109375
0 0.5875 0.8015625 0.009375 0.0109375
0 0.59765625 0.80234375 0.0109375 0.0109375
0 0.60703125 0.80234375 0.0125 0.0109375
0 0.61484375 0.8015625 0.00625 0.0109375
0 0.62421875 0.8015625 0.0125 0.0125
0 0.26328125 0.12109375 0.0140625 0.0125
0 0.275 0.1203125 0.0109375 0.0109375
0 0.284375 0.1203125 0.0078125 0.009375
0 0.29140625 0.12109375 0.0078125 0.0109375
0 0.3015625 0.11875 0.0109375 0.009375