0 0.53515625 0.1953125 0.0140625 0.0109375
0 0.5484375 0.19453125 0.0125 0.009375
0 0.5609375 0.19453125 0.0109375 0.0109375
0 0.57109375 0.19453125 0.009375 0.0109375
0 0.58125 0.19296875 0.0109375 0.0109375
0 0.590625 0.19296875 0.0125 0.0109375
0 0.5984375 0.1921875 0.00625 0.0109375
0 0.6078125 0.1921875 0.0125 0.0125
0 0.28359375 0.890625 0.0140625 0.0125
0 0.2953125 0.890625 0.0109375 0.0109375
0 0.3046875 0.890625 0.0078125 0.009375
0 0.31171875 0.88984375 0.0078125 0.0109375
0 0.321875 0.890625 0.0109375 0.009375