0 0.08046875 0.28125 0.0109375 0.0109375
0 0.08828125 0.28046875 0.00625 0.0078125
0 0.09453125 0.28203125 0.00625 0.00625
0 0.10234375 0.2828125 0.0078125 0.00625
0 0.11328125 0.28125 0.0109375 0.0078125
0 0.4890625 0.28203125 0.009375 0.009375
0 0.49765625 0.2828125 0.0109375 0.0078125
0 0.5046875 0.28359375 0.00625 0.009375
0 0.5109375 0.2828125 0.0078125 0.009375
0 0.51953125 0.2828125 0.00625 0.009375
0 0.52421875 0.2828125 0.00625 0.0078125
0 0.6796875 0.28359375 0.0109375 0.0078125
0 0.6890625 0.284375 0.0125 0.0109375
0 0.69921875 0.28515625 0.009375 0.0109375
0 0.7078125 0.284375 0.0125 0.0125