0 0.88984375 0.76796875 0.0125 0.0125
0 0.88203125 0.76796875 0.0078125 0.0078125
0 0.87578125 0.765625 0.00625 0.00625
0 0.86796875 0.7640625 0.0078125 0.0078125
0 0.85703125 0.7640625 0.0125 0.009375
0 0.484375 0.71796875 0.0109375 0.0109375
0 0.47578125 0.715625 0.0125 0.009375
0 0.46875 0.7140625 0.0078125 0.009375
0 0.4625 0.7140625 0.009375 0.0109375
0 0.45390625 0.71328125 0.0078125 0.009375
0 0.44921875 0.7125 0.0078125 0.0078125
0 0.2953125 0.69296875 0.0125 0.009375
0 0.2859375 0.690625 0.0140625 0.0125
0 0.27578125 0.6890625 0.0109375 0.0125
0 0.2671875 0.6890625 0.0140625 0.0140625