0 0.0921875 0.259375 0.0109375 0.0109375
0 0.1 0.259375 0.00625 0.0078125
0 0.10625 0.2609375 0.00625 0.00625
0 0.1140625 0.2625 0.0078125 0.00625
0 0.125 0.2609375 0.0109375 0.0078125
0 0.50078125 0.28203125 0.009375 0.009375
0 0.509375 0.2828125 0.0109375 0.0078125
0 0.515625 0.284375 0.00625 0.009375
0 0.52265625 0.28359375 0.0078125 0.009375
0 0.53125 0.284375 0.00625 0.009375
0 0.5359375 0.284375 0.00625 0.0078125
0 0.690625 0.29296875 0.0109375 0.0078125
0 0.7 0.29453125 0.0125 0.0109375
0 0.71015625 0.29609375 0.009375 0.0109375
0 0.71875 0.2953125 0.0125 0.0125