0 0.2921875 0.43671875 0.0140625 0.0125
0 0.29453125 0.4265625 0.009375 0.009375
0 0.2953125 0.4203125 0.0125 0.0125
0 0.2953125 0.409375 0.009375 0.0109375
0 0.29609375 0.40390625 0.009375 0.009375
0 0.296875 0.39921875 0.009375 0.0078125
0 0.296875 0.39296875 0.0109375 0.0109375
0 0.29765625 0.38359375 0.0125 0.0125
0 0.309375 0.26796875 0.009375 0.0109375
0 0.30859375 0.25703125 0.009375 0.0125
0 0.403125 0.8734375 0.0078125 0.0078125
0 0.4046875 0.8671875 0.009375 0.0078125
0 0.40546875 0.86015625 0.00625 0.0078125
0 0.40546875 0.8546875 0.0078125 0.00625
0 0.40703125 0.84921875 0.0078125 0.00625