0 0.5453125 0.2875 0.0109375 0.0125
0 0.55546875 0.2890625 0.0078125 0.009375
0 0.56171875 0.2890625 0.0109375 0.0109375
0 0.57265625 0.28828125 0.0109375 0.0078125
0 0.578125 0.28828125 0.0078125 0.009375
0 0.5828125 0.2890625 0.00625 0.009375
0 0.5890625 0.28828125 0.0109375 0.009375
0 0.5984375 0.28828125 0.0109375 0.0109375
0 0.71484375 0.28984375 0.0109375 0.0078125
0 0.725 0.28828125 0.0125 0.0078125
0 0.11953125 0.4359375 0.0078125 0.0078125
0 0.12578125 0.43671875 0.00625 0.009375
0 0.1328125 0.4375 0.0078125 0.00625
0 0.13828125 0.43671875 0.00625 0.0078125
0 0.14375 0.4375 0.00625 0.0078125