0 0.28828125 0.54921875 0.0125 0.0109375
0 0.28984375 0.559375 0.009375 0.0078125
0 0.28984375 0.565625 0.0109375 0.0109375
0 0.28984375 0.5765625 0.0078125 0.0109375
0 0.28984375 0.58203125 0.009375 0.0078125
0 0.290625 0.58671875 0.009375 0.00625
0 0.28984375 0.59296875 0.009375 0.0109375
0 0.28984375 0.60234375 0.0109375 0.0109375
0 0.29375 0.71875 0.0078125 0.0109375
0 0.2921875 0.72890625 0.0078125 0.0125
0 0.4296875 0.12109375 0.0078125 0.0078125
0 0.43046875 0.1265625 0.009375 0.00625
0 0.43125 0.13359375 0.00625 0.0078125
0 0.43046875 0.1390625 0.0078125 0.00625
0 0.43125 0.14453125 0.0078125 0.00625