0 0.828125 0.746875 0.00625 0.009375
0 0.8171875 0.746875 0.009375 0.009375
0 0.80625 0.746875 0.009375 0.009375
0 0.79765625 0.746875 0.009375 0.009375
0 0.7875 0.746875 0.00625 0.009375
0 0.778125 0.746875 0.009375 0.009375
0 0.76875 0.74609375 0.00625 0.0078125
0 0.76015625 0.74609375 0.009375 0.0078125
0 0.75 0.746875 0.009375 0.009375
0 0.73671875 0.6671875 0.0078125 0.009375
0 0.725 0.665625 0.00625 0.00625
0 0.71328125 0.665625 0.0140625 0.00625
0 0.70078125 0.665625 0.009375 0.00625
0 0.68359375 0.66640625 0.0171875 0.0078125
0 0.66953125 0.66640625 0.009375 0.0078125
0 0.659375 0.66640625 0.00625 0.0078125
0 0.6515625 0.665625 0.00625 0.00625
0 0.6390625 0.6640625 0.009375 0.009375
0 0.62890625 0.665625 0.0078125 0.00625
0 0.61953125 0.665625 0.0078125 0.00625
0 0.61328125 0.665625 0.00625 0.00625
0 0.6078125 0.66640625 0.00625 0.0078125
0 0.60078125 0.665625 0.00625 0.009375
0 0.59296875 0.665625 0.0078125 0.00625
0 0.4453125 0.771875 0.009375 0.009375
0 0.43671875 0.771875 0.0078125 0.009375
0 0.425 0.77109375 0.009375 0.0078125
0 0.4171875 0.77109375 0.009375 0.009375
0 0.4078125 0.77109375 0.009375 0.0078125
0 0.39765625 0.77109375 0.0078125 0.009375
0 0.3875 0.771875 0.009375 0.009375
0 0.378125 0.771875 0.009375 0.009375