0 0.83671875 0.26484375 0.00625 0.009375
0 0.82578125 0.2640625 0.009375 0.009375
0 0.81484375 0.2640625 0.009375 0.009375
0 0.80625 0.26328125 0.009375 0.009375
0 0.79609375 0.26328125 0.00625 0.009375
0 0.78671875 0.26328125 0.009375 0.009375
0 0.77734375 0.26328125 0.00625 0.0078125
0 0.76875 0.26328125 0.009375 0.0078125
0 0.75859375 0.26171875 0.009375 0.009375
0 0.7421875 0.34140625 0.0078125 0.009375
0 0.73046875 0.3421875 0.00625 0.00625
0 0.71875 0.3421875 0.0140625 0.00625
0 0.70625 0.34140625 0.009375 0.00625
0 0.6890625 0.33984375 0.0171875 0.0078125
0 0.675 0.33984375 0.009375 0.0078125
0 0.66484375 0.3390625 0.00625 0.0078125
0 0.65703125 0.33984375 0.00625 0.00625
0 0.64453125 0.340625 0.009375 0.009375
0 0.634375 0.3390625 0.0078125 0.00625
0 0.625 0.33828125 0.0078125 0.00625
0 0.61875 0.33828125 0.00625 0.00625
0 0.61328125 0.3375 0.00625 0.0078125
0 0.60625 0.33828125 0.00625 0.009375
0 0.5984375 0.3375 0.0078125 0.00625
0 0.4546875 0.2265625 0.009375 0.009375
0 0.44609375 0.22578125 0.0078125 0.009375
0 0.434375 0.2265625 0.009375 0.0078125
0 0.4265625 0.2265625 0.009375 0.009375
0 0.4171875 0.22578125 0.009375 0.0078125
0 0.40703125 0.22578125 0.0078125 0.009375
0 0.396875 0.22421875 0.009375 0.009375
0 0.3875 0.22421875 0.009375 0.009375