0 0.84453125 0.7234375 0.00625 0.009375
0 0.83359375 0.72421875 0.009375 0.009375
0 0.82265625 0.725 0.009375 0.009375
0 0.8140625 0.72578125 0.009375 0.009375
0 0.80390625 0.7265625 0.00625 0.009375
0 0.79453125 0.7265625 0.009375 0.009375
0 0.78515625 0.7265625 0.00625 0.0078125
0 0.7765625 0.72734375 0.009375 0.0078125
0 0.76640625 0.72890625 0.009375 0.009375
0 0.74765625 0.65 0.0078125 0.009375
0 0.7359375 0.64921875 0.00625 0.00625
0 0.72421875 0.65 0.0140625 0.0078125
0 0.71171875 0.6515625 0.009375 0.00625
0 0.69453125 0.653125 0.0171875 0.009375
0 0.68046875 0.65390625 0.009375 0.0078125
0 0.6703125 0.6546875 0.00625 0.0078125
0 0.6625 0.6546875 0.00625 0.00625
0 0.65 0.65390625 0.009375 0.009375
0 0.63984375 0.65625 0.0078125 0.00625
0 0.63046875 0.65703125 0.0078125 0.00625
0 0.62421875 0.65703125 0.00625 0.00625
0 0.61953125 0.65859375 0.00625 0.0078125
0 0.61171875 0.6578125 0.00625 0.009375
0 0.60390625 0.65859375 0.0078125 0.00625
0 0.4640625 0.775 0.009375 0.009375
0 0.45546875 0.77578125 0.0078125 0.009375
0 0.44375 0.77578125 0.009375 0.0078125
0 0.4359375 0.7765625 0.009375 0.009375
0 0.4265625 0.7765625 0.009375 0.0078125
0 0.4171875 0.77734375 0.0078125 0.009375
0 0.40703125 0.77890625 0.009375 0.009375
0 0.39765625 0.7796875 0.009375 0.009375