0 0.7625 0.8484375 0.009375 0.0109375
0 0.753125 0.8484375 0.0125 0.009375
0 0.32109375 0.83671875 0.00625 0.0078125
0 0.3140625 0.83671875 0.0078125 0.009375
0 0.30859375 0.83671875 0.003125 0.003125
0 0.303125 0.8375 0.00625 0.0078125
0 0.296875 0.83671875 0.0078125 0.009375
0 0.290625 0.8375 0.0046875 0.003125
0 0.2859375 0.83828125 0.00625 0.0078125
0 0.2796875 0.83828125 0.00625 0.0078125
0 0.2734375 0.83828125 0.00625 0.0078125
0 0.265625 0.83984375 0.0078125 0.00625
0 0.31796875 0.8265625 0.0046875 0.00625
0 0.3109375 0.82734375 0.00625 0.009375
0 0.30546875 0.8265625 0.0046875 0.0015625
0 0.30078125 0.82734375 0.00625 0.00625
0 0.29375 0.82734375 0.00625 0.009375
0 0.28828125 0.82734375 0.0046875 0.0015625
0 0.28359375 0.82734375 0.00625 0.009375
0 0.27734375 0.828125 0.0078125 0.009375
0 0.2703125 0.828125 0.00625 0.00625
0 0.26328125 0.82890625 0.009375 0.00625