0 0.17109375 0.7859375 0.0125 0.0109375
0 0.1703125 0.7765625 0.0109375 0.0140625
0 0.1515625 0.3453125 0.0078125 0.0078125
0 0.1515625 0.3375 0.009375 0.009375
0 0.15078125 0.3328125 0.003125 0.003125
0 0.14921875 0.32734375 0.0078125 0.0078125
0 0.15 0.32109375 0.009375 0.009375
0 0.14921875 0.31484375 0.003125 0.0046875
0 0.14765625 0.31015625 0.0078125 0.0078125
0 0.146875 0.30390625 0.0078125 0.0078125
0 0.14609375 0.29765625 0.0078125 0.0078125
0 0.14453125 0.28984375 0.0078125 0.0078125
0 0.1609375 0.34140625 0.00625 0.0046875
0 0.16015625 0.334375 0.009375 0.0078125
0 0.1609375 0.32890625 0.0015625 0.0046875
0 0.159375 0.32421875 0.00625 0.00625
0 0.15859375 0.3171875 0.009375 0.0078125
0 0.15859375 0.31171875 0.0015625 0.0046875
0 0.15859375 0.30703125 0.009375 0.0078125
0 0.15703125 0.30078125 0.009375 0.009375
0 0.15625 0.29453125 0.00625 0.00625
0 0.15546875 0.28671875 0.0078125 0.009375