0 0.2375 0.1515625 0.009375 0.0109375
0 0.246875 0.1515625 0.0125 0.009375
0 0.67890625 0.16328125 0.00625 0.0078125
0 0.6859375 0.16328125 0.0078125 0.009375
0 0.69140625 0.16328125 0.003125 0.003125
0 0.696875 0.1625 0.00625 0.0078125
0 0.703125 0.16328125 0.0078125 0.009375
0 0.709375 0.1625 0.0046875 0.003125
0 0.7140625 0.16171875 0.00625 0.0078125
0 0.7203125 0.16171875 0.00625 0.0078125
0 0.7265625 0.16171875 0.00625 0.0078125
0 0.734375 0.16015625 0.0078125 0.00625
0 0.68203125 0.1734375 0.0046875 0.00625
0 0.6890625 0.17265625 0.00625 0.009375
0 0.69453125 0.1734375 0.0046875 0.0015625
0 0.69921875 0.17265625 0.00625 0.00625
0 0.70625 0.17265625 0.00625 0.009375
0 0.71171875 0.17265625 0.0046875 0.0015625
0 0.71640625 0.17265625 0.00625 0.009375
0 0.72265625 0.171875 0.0078125 0.009375
0 0.7296875 0.171875 0.00625 0.00625
0 0.73671875 0.17109375 0.009375 0.00625