0 0.2953125 0.88515625 0.0109375 0.0125
0 0.3046875 0.88359375 0.0140625 0.0109375
0 0.7296875 0.8046875 0.0078125 0.0078125
0 0.73671875 0.803125 0.009375 0.0109375
0 0.74140625 0.80234375 0.003125 0.003125
0 0.74765625 0.80234375 0.0078125 0.0078125
0 0.753125 0.80078125 0.009375 0.0109375
0 0.759375 0.8 0.0046875 0.003125
0 0.7640625 0.80078125 0.0078125 0.0078125
0 0.7703125 0.8 0.0078125 0.0078125
0 0.7765625 0.79921875 0.0078125 0.0078125
0 0.784375 0.7984375 0.0078125 0.0078125
0 0.73046875 0.79453125 0.0046875 0.00625
0 0.7375 0.79375 0.0078125 0.009375
0 0.74296875 0.7921875 0.0046875 0.0015625
0 0.74765625 0.7921875 0.00625 0.00625
0 0.7546875 0.79140625 0.0078125 0.009375
0 0.76015625 0.78984375 0.0046875 0.0015625
0 0.76484375 0.7890625 0.0078125 0.009375
0 0.77109375 0.78984375 0.009375 0.0109375
0 0.778125 0.78828125 0.00625 0.00625
0 0.7859375 0.7875 0.009375 0.0078125