0 0.25 0.85703125 0.009375 0.0109375
0 0.259375 0.85703125 0.0125 0.009375
0 0.690625 0.83046875 0.00625 0.0078125
0 0.69765625 0.8296875 0.0078125 0.009375
0 0.703125 0.8296875 0.003125 0.003125
0 0.70859375 0.83046875 0.00625 0.0078125
0 0.71484375 0.8296875 0.0078125 0.009375
0 0.72109375 0.8296875 0.0046875 0.003125
0 0.72578125 0.83046875 0.00625 0.0078125
0 0.73203125 0.83046875 0.00625 0.0078125
0 0.73828125 0.83046875 0.00625 0.0078125
0 0.74609375 0.83125 0.0078125 0.00625
0 0.69296875 0.8203125 0.0046875 0.00625
0 0.7 0.8203125 0.00625 0.009375
0 0.70546875 0.81953125 0.0046875 0.0015625
0 0.71015625 0.8203125 0.00625 0.00625
0 0.7171875 0.8203125 0.00625 0.009375
0 0.72265625 0.81953125 0.0046875 0.0015625
0 0.72734375 0.81953125 0.00625 0.009375
0 0.73359375 0.8203125 0.0078125 0.009375
0 0.740625 0.8203125 0.00625 0.00625
0 0.7484375 0.8203125 0.009375 0.00625