0 0.84609375 0.2875 0.0109375 0.009375
0 0.8375 0.28828125 0.00625 0.0078125
0 0.83125 0.2890625 0.00625 0.00625
0 0.82109375 0.28984375 0.0109375 0.0109375
0 0.81328125 0.28828125 0.009375 0.0109375
0 0.80390625 0.2875 0.0078125 0.009375
0 0.796875 0.2875 0.00625 0.009375
0 0.79140625 0.28828125 0.0078125 0.009375
0 0.7796875 0.2890625 0.0125 0.00625
0 0.76328125 0.28671875 0.0109375 0.009375
0 0.7546875 0.28828125 0.009375 0.00625
0 0.74609375 0.28828125 0.009375 0.0078125
0 0.73984375 0.2875 0.0046875 0.009375
0 0.73359375 0.2890625 0.0109375 0.00625
0 0.72421875 0.2890625 0.0078125 0.009375
0 0.715625 0.28828125 0.009375 0.0078125
0 0.70546875 0.2890625 0.0078125 0.009375