0 0.1734375 0.2578125 0.0109375 0.0109375
0 0.18203125 0.259375 0.00625 0.0078125
0 0.18828125 0.2609375 0.00625 0.00625
0 0.1984375 0.2625 0.0125 0.0125
0 0.20625 0.26171875 0.0109375 0.0109375
0 0.215625 0.26171875 0.009375 0.009375
0 0.22265625 0.2625 0.0078125 0.009375
0 0.228125 0.2640625 0.009375 0.009375
0 0.23984375 0.265625 0.0125 0.0078125
0 0.25625 0.26484375 0.0109375 0.0109375
0 0.26484375 0.2671875 0.009375 0.0078125
0 0.2734375 0.26796875 0.009375 0.009375
0 0.2796875 0.2671875 0.00625 0.009375
0 0.2859375 0.26953125 0.0109375 0.0078125
0 0.2953125 0.2703125 0.009375 0.009375
0 0.30390625 0.2703125 0.009375 0.009375
0 0.3140625 0.271875 0.009375 0.009375