0 0.30625 0.14296875 0.009375 0.0109375
0 0.30625 0.1515625 0.0078125 0.00625
0 0.30703125 0.1578125 0.00625 0.00625
0 0.30703125 0.16796875 0.0109375 0.0109375
0 0.3046875 0.17578125 0.0109375 0.009375
0 0.30390625 0.18515625 0.009375 0.0078125
0 0.303125 0.1921875 0.009375 0.00625
0 0.30390625 0.19765625 0.009375 0.0078125
0 0.30390625 0.209375 0.00625 0.0125
0 0.30078125 0.22578125 0.009375 0.0109375
0 0.3015625 0.234375 0.00625 0.009375
0 0.3015625 0.24296875 0.0078125 0.009375
0 0.3 0.24921875 0.009375 0.0046875
0 0.3015625 0.25546875 0.00625 0.0109375
0 0.30078125 0.26484375 0.009375 0.0078125
0 0.3 0.2734375 0.0078125 0.009375
0 0.3 0.28359375 0.009375 0.0078125