0 0.62578125 0.30859375 0.0078125 0.009375
0 0.62578125 0.315625 0.00625 0.0046875
0 0.62578125 0.321875 0.00625 0.00625
0 0.625 0.3265625 0.0015625 0.003125
0 0.62734375 0.3328125 0.0078125 0.009375
0 0.628125 0.33984375 0.0078125 0.0046875
0 0.628125 0.34609375 0.0078125 0.0078125
0 0.62734375 0.3546875 0.0078125 0.0078125
0 0.62890625 0.36171875 0.0078125 0.0078125
0 0.6296875 0.3703125 0.0078125 0.009375
0 0.6296875 0.38203125 0.0078125 0.009375
0 0.63046875 0.390625 0.0078125 0.009375
0 0.63046875 0.39921875 0.0078125 0.0078125
0 0.63125 0.40703125 0.0078125 0.0078125
0 0.63125 0.415625 0.0078125 0.0078125
0 0.61328125 0.3078125 0.0078125 0.0078125
0 0.61328125 0.31640625 0.0078125 0.0078125
0 0.6109375 0.32265625 0.0015625 0.003125
0 0.61484375 0.328125 0.0078125 0.0078125
0 0.61484375 0.3359375 0.0078125 0.009375
0 0.615625 0.34453125 0.0078125 0.0078125
0 0.615625 0.353125 0.0078125 0.0078125
0 0.615625 0.36484375 0.0078125 0.009375
0 0.61640625 0.3734375 0.0078125 0.0078125
0 0.61640625 0.38125 0.0078125 0.0078125
0 0.6171875 0.3890625 0.0078125 0.0078125
0 0.6171875 0.3984375 0.0078125 0.0109375
0 0.6453125 0.61796875 0.009375 0.009375
0 0.64609375 0.6265625 0.0109375 0.009375