0 0.315625 0.3640625 0.009375 0.0078125
0 0.32265625 0.36484375 0.0046875 0.00625
0 0.32890625 0.36484375 0.00625 0.00625
0 0.33359375 0.36640625 0.003125 0.0015625
0 0.33984375 0.3640625 0.009375 0.0078125
0 0.346875 0.3640625 0.0046875 0.0078125
0 0.353125 0.3640625 0.0078125 0.0078125
0 0.36171875 0.36484375 0.0078125 0.0078125
0 0.36875 0.3640625 0.0078125 0.0078125
0 0.37734375 0.3640625 0.009375 0.0078125
0 0.3890625 0.3640625 0.009375 0.0078125
0 0.39765625 0.3640625 0.009375 0.0078125
0 0.40625 0.3640625 0.0078125 0.0078125
0 0.4140625 0.3640625 0.0078125 0.0078125
0 0.42265625 0.36484375 0.0078125 0.0078125
0 0.3140625 0.3765625 0.0078125 0.0078125
0 0.32265625 0.37734375 0.0078125 0.0078125
0 0.32890625 0.3796875 0.003125 0.0015625
0 0.334375 0.3765625 0.0078125 0.0078125
0 0.3421875 0.3765625 0.009375 0.0078125
0 0.35078125 0.3765625 0.0078125 0.0078125
0 0.359375 0.3765625 0.0078125 0.0078125
0 0.37109375 0.37734375 0.009375 0.0078125
0 0.3796875 0.37734375 0.0078125 0.0078125
0 0.3875 0.37734375 0.0078125 0.0078125
0 0.3953125 0.37734375 0.0078125 0.0078125
0 0.4046875 0.37734375 0.0109375 0.0078125
0 0.62578125 0.3609375 0.009375 0.009375
0 0.634375 0.3609375 0.009375 0.0109375