0 0.32265625 0.3546875 0.009375 0.0078125
0 0.3296875 0.35546875 0.0046875 0.00625
0 0.3359375 0.35625 0.00625 0.00625
0 0.340625 0.3578125 0.003125 0.0015625
0 0.346875 0.35625 0.009375 0.0078125
0 0.35390625 0.35625 0.0046875 0.0078125
0 0.36015625 0.35625 0.0078125 0.0078125
0 0.36875 0.3578125 0.0078125 0.0078125
0 0.37578125 0.35703125 0.0078125 0.0078125
0 0.384375 0.3578125 0.009375 0.0078125
0 0.39609375 0.35859375 0.009375 0.0078125
0 0.4046875 0.35859375 0.009375 0.0078125
0 0.41328125 0.359375 0.0078125 0.0078125
0 0.42109375 0.359375 0.0078125 0.0078125
0 0.4296875 0.3609375 0.0078125 0.0078125
0 0.32109375 0.3671875 0.0078125 0.0078125
0 0.3296875 0.36796875 0.0078125 0.0078125
0 0.33515625 0.37109375 0.003125 0.0015625
0 0.34140625 0.36796875 0.0078125 0.0078125
0 0.34921875 0.36875 0.009375 0.0078125
0 0.3578125 0.36875 0.0078125 0.0078125
0 0.36640625 0.36953125 0.0078125 0.0078125
0 0.37734375 0.37109375 0.009375 0.0078125
0 0.3859375 0.37109375 0.0078125 0.0078125
0 0.39375 0.371875 0.0078125 0.0078125
0 0.4015625 0.371875 0.0078125 0.0078125
0 0.4109375 0.37265625 0.0109375 0.0078125
0 0.6328125 0.36796875 0.009375 0.009375
0 0.64140625 0.36796875 0.009375 0.0109375