0 0.41328125 0.46171875 0.009375 0.00625
0 0.41171875 0.46875 0.009375 0.0078125
0 0.4078125 0.7640625 0.0109375 0.0078125
0 0.40703125 0.77265625 0.0078125 0.009375
0 0.4359375 0.3046875 0.0078125 0.0078125
0 0.434375 0.3125 0.009375 0.0078125
0 0.4375 0.31796875 0.003125 0.003125
0 0.434375 0.325 0.009375 0.0078125
0 0.434375 0.33359375 0.009375 0.0078125
0 0.434375 0.34140625 0.009375 0.009375
0 0.434375 0.34921875 0.0078125 0.009375
0 0.43359375 0.3578125 0.0078125 0.00625
0 0.4328125 0.36796875 0.009375 0.0109375
0 0.43203125 0.3765625 0.0078125 0.009375
0 0.43203125 0.38515625 0.009375 0.0078125
0 0.43203125 0.3921875 0.009375 0.0078125
0 0.43203125 0.40078125 0.009375 0.0078125