0 0.46484375 0.41171875 0.00625 0.009375
0 0.471875 0.4109375 0.0078125 0.009375
0 0.7671875 0.4171875 0.0078125 0.0109375
0 0.77578125 0.41640625 0.009375 0.0078125
0 0.30703125 0.42890625 0.0078125 0.0078125
0 0.31484375 0.428125 0.0078125 0.009375
0 0.3203125 0.43125 0.003125 0.003125
0 0.32734375 0.428125 0.0078125 0.009375
0 0.3359375 0.42890625 0.0078125 0.009375
0 0.34375 0.42890625 0.009375 0.009375
0 0.3515625 0.42890625 0.009375 0.0078125
0 0.36015625 0.42890625 0.00625 0.0078125
0 0.3703125 0.428125 0.0109375 0.009375
0 0.37890625 0.428125 0.009375 0.0078125
0 0.3875 0.428125 0.0078125 0.009375
0 0.39453125 0.428125 0.0078125 0.009375
0 0.403125 0.42890625 0.0078125 0.009375