0 0.52578125 0.59140625 0.0078125 0.009375
0 0.51875 0.59140625 0.009375 0.009375
0 0.22578125 0.5546875 0.009375 0.0109375
0 0.2171875 0.5546875 0.009375 0.009375
0 0.684375 0.590625 0.0078125 0.0078125
0 0.6765625 0.590625 0.009375 0.009375
0 0.671875 0.5875 0.003125 0.003125
0 0.6640625 0.58984375 0.009375 0.009375
0 0.65546875 0.5875 0.009375 0.009375
0 0.64765625 0.58671875 0.0109375 0.0109375
0 0.63984375 0.5859375 0.009375 0.009375
0 0.63203125 0.58515625 0.0078125 0.0078125
0 0.62109375 0.58515625 0.0125 0.0109375
0 0.61328125 0.584375 0.009375 0.009375
0 0.6046875 0.58359375 0.009375 0.009375
0 0.59765625 0.5828125 0.009375 0.009375
0 0.5890625 0.58046875 0.009375 0.009375