0 0.23203125 0.71875 0.0078125 0.00625
0 0.240625 0.7171875 0.0078125 0.00625
0 0.24765625 0.71640625 0.0078125 0.0078125
0 0.7328125 0.80703125 0.009375 0.0078125
0 0.740625 0.8046875 0.00625 0.00625
0 0.7453125 0.80546875 0.0046875 0.009375
0 0.74921875 0.80625 0.00625 0.009375
0 0.75390625 0.80390625 0.009375 0.0078125
0 0.76640625 0.8046875 0.0125 0.0109375
0 0.775 0.8015625 0.0046875 0.0078125
0 0.78203125 0.8015625 0.0046875 0.00625
0 0.7859375 0.80234375 0.0046875 0.009375
0 0.7921875 0.803125 0.009375 0.009375