0 0.67890625 0.79609375 0.00625 0.0078125
0 0.67890625 0.7875 0.00625 0.0078125
0 0.6796875 0.78046875 0.0078125 0.0078125
0 0.83671875 0.31171875 0.0078125 0.009375
0 0.8359375 0.30390625 0.00625 0.00625
0 0.83671875 0.29921875 0.009375 0.0046875
0 0.8375 0.29609375 0.009375 0.00625
0 0.83671875 0.290625 0.0078125 0.009375
0 0.8390625 0.27890625 0.0109375 0.0125
0 0.8375 0.26953125 0.0078125 0.0046875
0 0.8375 0.2625 0.00625 0.0046875
0 0.83984375 0.259375 0.009375 0.0046875
0 0.840625 0.253125 0.009375 0.009375