0 0.2171875 0.30078125 0.0078125 0.00625
0 0.22578125 0.3015625 0.0078125 0.00625
0 0.2328125 0.3015625 0.0078125 0.0078125
0 0.7109375 0.17734375 0.009375 0.0078125
0 0.71875 0.17890625 0.00625 0.00625
0 0.7234375 0.178125 0.0046875 0.009375
0 0.72734375 0.17734375 0.00625 0.009375
0 0.73203125 0.17890625 0.009375 0.0078125
0 0.74453125 0.17734375 0.0125 0.009375
0 0.753125 0.1796875 0.0046875 0.0078125
0 0.76015625 0.1796875 0.0046875 0.00625
0 0.7640625 0.178125 0.0046875 0.009375
0 0.7703125 0.17734375 0.009375 0.009375