0 0.15 0.30703125 0.0140625 0.015625
0 0.16171875 0.30703125 0.0125 0.0140625
0 0.1703125 0.3078125 0.0109375 0.0109375
0 0.18046875 0.3078125 0.0125 0.0140625
0 0.19140625 0.30703125 0.0125 0.0140625
0 0.20078125 0.30703125 0.0078125 0.0125
0 0.2078125 0.30859375 0.009375 0.0140625
0 0.21640625 0.3078125 0.0078125 0.0140625
0 0.225 0.30703125 0.009375 0.01875
0 0.84453125 0.78203125 0.009375 0.0125
0 0.8546875 0.78203125 0.009375 0.0125
0 0.8796875 0.78203125 0.009375 0.0125
0 0.88828125 0.78203125 0.0109375 0.0109375
0 0.23984375 0.60859375 0.0078125 0.015625
0 0.2515625 0.60859375 0.009375 0.015625
0 0.2609375 0.6125 0.00625 0.003125
0 0.26953125 0.6078125 0.009375 0.0125
0 0.28046875 0.60859375 0.0125 0.0125
0 0.28828125 0.61171875 0.0046875 0.003125
0 0.29609375 0.6078125 0.0125 0.0125
0 0.3078125 0.60859375 0.0109375 0.0140625
0 0.31875 0.60859375 0.0109375 0.0125
0 0.3296875 0.6078125 0.0125 0.015625