0 0.86796875 0.65546875 0.015625 0.0171875
0 0.85625 0.65625 0.0140625 0.015625
0 0.84765625 0.65703125 0.0125 0.0125
0 0.8375 0.6578125 0.0140625 0.015625
0 0.82734375 0.659375 0.0140625 0.015625
0 0.81796875 0.6609375 0.009375 0.0125
0 0.8109375 0.66015625 0.0109375 0.015625
0 0.80234375 0.66171875 0.009375 0.0140625
0 0.79375 0.66328125 0.0109375 0.0203125
0 0.128125 0.25546875 0.0109375 0.0140625
0 0.11796875 0.25625 0.0109375 0.0140625
0 0.09296875 0.259375 0.0109375 0.0140625
0 0.084375 0.26015625 0.0125 0.0125
0 0.74765625 0.36484375 0.009375 0.015625
0 0.7359375 0.36640625 0.0109375 0.0171875
0 0.72578125 0.36328125 0.00625 0.003125
0 0.71796875 0.36875 0.0109375 0.0140625
0 0.70703125 0.36875 0.0140625 0.0140625
0 0.69921875 0.36640625 0.0046875 0.003125
0 0.69140625 0.37109375 0.0140625 0.0140625
0 0.6796875 0.371875 0.0125 0.015625
0 0.66875 0.3734375 0.0125 0.0140625
0 0.6578125 0.375 0.0140625 0.0171875