0 0.8390625 0.7109375 0.015625 0.015625
0 0.82734375 0.71015625 0.0125 0.0140625
0 0.81953125 0.709375 0.0109375 0.0109375
0 0.809375 0.70859375 0.0125 0.0140625
0 0.7984375 0.70859375 0.0125 0.0140625
0 0.7890625 0.70859375 0.0078125 0.0125
0 0.78203125 0.70625 0.009375 0.0140625
0 0.7734375 0.70703125 0.0078125 0.0140625
0 0.76484375 0.70703125 0.0109375 0.01875
0 0.1703125 0.2 0.009375 0.0125
0 0.1609375 0.2 0.009375 0.0125
0 0.1359375 0.1984375 0.009375 0.0125
0 0.12734375 0.19765625 0.0109375 0.0109375
0 0.765625 0.40546875 0.009375 0.015625
0 0.75390625 0.4046875 0.0109375 0.015625
0 0.74453125 0.4 0.00625 0.003125
0 0.7359375 0.4046875 0.009375 0.0125
0 0.725 0.403125 0.0125 0.0125
0 0.7171875 0.39921875 0.0046875 0.003125
0 0.709375 0.403125 0.0125 0.0125
0 0.69765625 0.4015625 0.0109375 0.0140625
0 0.68671875 0.40078125 0.0109375 0.0125
0 0.67578125 0.4015625 0.0140625 0.015625